# Strip length: 22 cm
# Origin: the left clamped end
# Target: P(s= 68/101 * 0.22) = [0.03822167 0.05142377]

2.188999999999999835e-01 0.000000000000000000e+00
2.181167862856724649e-01 6.281336976567703650e-04
2.173335725713449185e-01 1.256267395313540730e-03
2.165503588570173998e-01 1.884401092970310878e-03
2.157671451426898535e-01 2.512534790627081460e-03
2.149839314283623348e-01 3.140668488283851825e-03
2.141984576783637351e-01 3.765971577241066480e-03
2.134125189287141566e-01 4.390692271825433549e-03
2.126265801790646059e-01 5.015412966409799750e-03
2.118406414294150275e-01 5.640133660994165951e-03
2.110547026797654768e-01 6.264854355578533020e-03
2.102652540116948243e-01 6.885114539419823383e-03
2.094732156676210599e-01 7.502083684482667263e-03
2.086811773235472955e-01 8.119052829545512009e-03
2.078891389794735312e-01 8.736021974608355889e-03
2.070971006353997390e-01 9.352991119671201503e-03
2.063036287164142502e-01 9.968091722733250087e-03
2.055026029360956241e-01 1.057334651512039508e-02
2.047015771557769703e-01 1.117860130750754008e-02
2.039005513754583443e-01 1.178385609989468681e-02
2.030995255951396905e-01 1.238911089228183181e-02
2.022984998148210645e-01 1.299436568466897680e-02
2.014922876367600257e-01 1.359262796890239357e-02
2.006806130401941612e-01 1.418352560278860267e-02
1.998689384436282968e-01 1.477442323667481003e-02
1.990572638470624045e-01 1.536532087056102086e-02
1.982455892504965400e-01 1.595621850444723169e-02
1.974339146539306755e-01 1.654711613833343906e-02
1.966168351873416598e-01 1.713043903466355058e-02
1.957940625301368143e-01 1.770578312214407882e-02
1.949712898729319965e-01 1.828112720962460705e-02
1.941485172157271788e-01 1.885647129710513875e-02
1.933257445585223333e-01 1.943181538458566698e-02
1.925029719013175156e-01 2.000715947206619522e-02
1.916791894672968954e-01 2.058102772322907212e-02
1.908448612617812679e-01 2.113948283326367097e-02
1.900105330562656403e-01 2.169793794329826636e-02
1.891762048507499849e-01 2.225639305333286522e-02
1.883418766452343573e-01 2.281484816336746407e-02
1.875075484397187298e-01 2.337330327340205946e-02
1.866732202342031022e-01 2.393175838343666179e-02
1.858376481112961054e-01 2.448831915351774510e-02
1.849935986373948127e-01 2.503196991462240673e-02
1.841495491634935477e-01 2.557562067572706488e-02
1.833054996895922828e-01 2.611927143683172303e-02
1.824614502156909901e-01 2.666292219793638119e-02
1.816174007417897251e-01 2.720657295904103934e-02
1.807733512678884602e-01 2.775022372014569749e-02
1.799293017939871675e-01 2.829387448125035565e-02
1.790805646523069006e-01 2.883012720712793686e-02
1.782285309165666243e-01 2.936117727783989217e-02
1.773764971808263480e-01 2.989222734855184402e-02
1.765244634450860994e-01 3.042327741926380280e-02
1.756724297093458231e-01 3.095432748997575464e-02
1.748203959736055468e-01 3.148537756068771343e-02
1.739683622378652705e-01 3.201642763139966874e-02
1.731163285021249942e-01 3.254747770211162405e-02
1.722611978412550704e-01 3.307348714596012457e-02
1.714024142594693656e-01 3.359355101136322908e-02
1.705436306776836608e-01 3.411361487676633358e-02
1.696848470958979560e-01 3.463367874216943809e-02
1.688260635141122790e-01 3.515374260757254260e-02
1.679672799323265742e-01 3.567380647297564711e-02
1.671084963505408694e-01 3.619387033837875162e-02
1.662497127687551646e-01 3.671393420378185612e-02
1.653909291869694875e-01 3.723399806918496063e-02
1.645279845421228626e-01 3.774710400043818775e-02
1.636634883648526440e-01 3.825761553206881438e-02
1.627989921875823975e-01 3.876812706369944794e-02
1.619344960103121789e-01 3.927863859533008151e-02
1.610699998330419325e-01 3.978915012696071507e-02
1.602055036557717138e-01 4.029966165859134863e-02
1.593410074785014952e-01 4.081017319022197526e-02
1.584765113012312765e-01 4.132068472185260882e-02
1.576120151239610301e-01 4.183119625348324239e-02
1.567456203619935207e-01 4.233845693866227639e-02
1.558762277920713868e-01 4.284058463537587791e-02
1.550068352221492807e-01 4.334271233208947249e-02
1.541374426522271746e-01 4.384484002880307402e-02
1.532680500823050407e-01 4.434696772551667554e-02
1.523986575123829068e-01 4.484909542223027012e-02
1.515292649424608007e-01 4.535122311894387165e-02
1.506598723725386946e-01 4.585335081565746623e-02
1.497904798026165607e-01 4.635547851237106776e-02
1.489210872326944268e-01 4.685760620908466928e-02
1.480497937802184028e-01 4.735640922808441455e-02
1.471760466167734704e-01 4.785092066254739707e-02
1.463022994533285659e-01 4.834543209701036570e-02
1.454285522898836336e-01 4.883994353147334128e-02
1.445548051264387013e-01 4.933445496593631685e-02
1.436810579629937690e-01 4.982896640039929242e-02
1.428073107995488367e-01 5.032347783486226800e-02
1.419335636361039044e-01 5.081798926932523663e-02
1.410598164726589721e-01 5.131250070378821221e-02
1.401860693092140397e-01 5.180701213825118778e-02
1.393123221457691074e-01 5.230152357271417030e-02
1.384353135921158606e-01 5.279022055348200210e-02
1.375577970759593871e-01 5.327801193134277385e-02
1.366802805598029136e-01 5.376580330920354561e-02
1.358027640436464401e-01 5.425359468706431043e-02
1.349252475274899665e-01 5.474138606492508219e-02
1.340477310113335208e-01 5.522917744278584701e-02
1.331702144951770472e-01 5.571696882064661877e-02
1.322926979790205737e-01 5.620476019850739052e-02
1.314151814628641002e-01 5.669255157636815534e-02
1.305376649467076267e-01 5.718034295422892710e-02
1.296601484305511809e-01 5.766813433208969192e-02
1.287804126724837184e-01 5.815190133913093057e-02
1.278996111074414965e-01 5.863373561298643871e-02
1.270188095423992469e-01 5.911556988684193992e-02
1.261380079773570251e-01 5.959740416069744806e-02
1.252572064123148032e-01 6.007923843455294927e-02
1.243764048472725953e-01 6.056107270840845047e-02
1.234956032822303595e-01 6.104290698226395862e-02
1.226148017171881377e-01 6.152474125611946676e-02
1.217340001521459159e-01 6.200657552997496796e-02
1.208531985871036940e-01 6.248840980383046917e-02
1.199723970220614722e-01 6.297024407768597731e-02
1.190915954570192364e-01 6.345207835154148546e-02
1.182082811040761211e-01 6.392928612078356554e-02
1.173245893338848295e-01 6.440579899546679254e-02
1.164408975636935517e-01 6.488231187015000567e-02
1.155572057935022462e-01 6.535882474483323268e-02
1.146735140233109546e-01 6.583533761951645968e-02
1.137898222531196490e-01 6.631185049419968669e-02
1.129061304829283713e-01 6.678836336888289982e-02
1.120224387127370796e-01 6.726487624356612682e-02
1.111387469425457741e-01 6.774138911824935383e-02
1.102550551723544825e-01 6.821790199293258083e-02
1.093713634021631909e-01 6.869441486761579396e-02
1.084876716319718853e-01 6.917092774229902097e-02
1.076028543755693512e-01 6.964534004386981059e-02
1.067166388970668817e-01 7.011714274638999878e-02
1.058304234185644399e-01 7.058894544891015921e-02
1.049442079400619843e-01 7.106074815143033352e-02
1.040579924615595148e-01 7.153255085395052171e-02
1.031717769830570453e-01 7.200435355647069602e-02
1.022855615045545896e-01 7.247615625899087033e-02
1.013993460260521201e-01 7.294795896151105852e-02
1.005131305475496506e-01 7.341976166403123283e-02
9.962691506904719496e-02 7.389156436655140714e-02
9.874069959054472545e-02 7.436336706907159533e-02
9.785448411204225594e-02 7.483516977159176964e-02
9.696826863353981418e-02 7.530697247411193007e-02
9.608117094231183319e-02 7.577710869238941938e-02
9.519276141515981005e-02 7.624476687579716250e-02
9.430435188800778690e-02 7.671242505920490562e-02
9.341594236085577763e-02 7.718008324261263486e-02
9.252753283370375448e-02 7.764774142602037799e-02
9.163912330655173133e-02 7.811539960942810723e-02
9.075071377939972206e-02 7.858305779283585035e-02
8.986230425224769891e-02 7.905071597624357960e-02
8.897389472509567576e-02 7.951837415965132272e-02
8.808548519794368037e-02 7.998603234305905196e-02
8.719707567079165722e-02 8.045369052646678121e-02
8.630866614363964795e-02 8.092134870987452433e-02
8.542025661648762480e-02 8.138900689328225357e-02
8.453184708933560165e-02 8.185666507668999670e-02
8.364201391897585491e-02 8.232160508732011550e-02
8.275166968787335542e-02 8.278556932579675398e-02
8.186132545677085592e-02 8.324953356427337858e-02
8.097098122566835643e-02 8.371349780275001706e-02
8.008063699456585693e-02 8.417746204122665554e-02
7.919029276346338519e-02 8.464142627970326627e-02
7.829994853236088570e-02 8.510539051817990475e-02
7.740960430125838621e-02 8.556935475665652935e-02
7.651926007015588671e-02 8.603331899513316783e-02
7.562891583905338722e-02 8.649728323360979243e-02
7.473857160795088772e-02 8.696124747208643091e-02
7.384822737684840210e-02 8.742521171056305551e-02
7.295788314574590261e-02 8.788917594903969399e-02
7.206753891464340311e-02 8.835314018751631859e-02
7.117643186149601175e-02 8.881563392390544320e-02
7.028437191117017924e-02 8.927629074787238328e-02
6.939231196084433284e-02 8.973694757183933723e-02
6.850025201051847257e-02 9.019760439580630507e-02
6.760819206019261229e-02 9.065826121977325902e-02
6.671613210986675202e-02 9.111891804374022685e-02
6.582407215954090562e-02 9.157957486770718081e-02
6.493201220921504535e-02 9.204023169167413476e-02
6.403995225888918508e-02 9.250088851564110259e-02
6.314789230856332480e-02 9.296154533960805655e-02
6.225583235823747841e-02 9.342220216357501050e-02
6.136377240791164589e-02 9.388285898754196446e-02
6.047171245758578562e-02 9.434351581150891841e-02
5.957965250725992534e-02 9.480417263547588624e-02
5.868759255693407201e-02 9.526482945944284020e-02
5.779472214620304249e-02 9.572391041810017487e-02
5.690113747003931743e-02 9.618160255367610989e-02
5.600755279387559238e-02 9.663929468925205879e-02
5.511396811771186732e-02 9.709698682482800769e-02
5.422038344154814227e-02 9.755467896040394271e-02
5.332679876538444497e-02 9.801237109597987773e-02
5.243321408922071991e-02 9.847006323155582663e-02
5.153962941305699486e-02 9.892775536713177553e-02
5.064604473689326980e-02 9.938544750270771055e-02
4.975246006072954474e-02 9.984313963828365945e-02
4.885887538456581969e-02 1.003008317738595945e-01
4.796529070840209463e-02 1.007585239094355434e-01
4.707170603223836958e-02 1.012162160450114923e-01
4.617812135607464452e-02 1.016739081805874412e-01
4.528453667991091947e-02 1.021316003161633762e-01
4.439095200374722217e-02 1.025892924517393112e-01
