# Strip length: 22 cm
# Origin: the left clamped end
# Target: P(s= 58/101 * 0.22) = [0.0898431  0.00052911]

2.188999999999999835e-01 0.000000000000000000e+00
2.180576896116204477e-01 5.472456387671150715e-04
2.172153792232408842e-01 1.094491277534230143e-03
2.163730688348613485e-01 1.641736916301345106e-03
2.155307584464818127e-01 2.188982555068460286e-03
2.146884480581022769e-01 2.736228193835575032e-03
2.138461376697227134e-01 3.283473832602690212e-03
2.130038282173240261e-01 3.830720912009659765e-03
2.121615194178027575e-01 4.377968996310346167e-03
2.113192106182814889e-01 4.925217080611032569e-03
2.104769018187602203e-01 5.472465164911719838e-03
2.096345930192389517e-01 6.019713249212407108e-03
2.087922842197177109e-01 6.566961333513093510e-03
2.079498571904796200e-01 7.114027200070325956e-03
2.071068849423646496e-01 7.660252765592212229e-03
2.062639126942496792e-01 8.206478331114099370e-03
2.054209404461347088e-01 8.752703896635984776e-03
2.045779681980197107e-01 9.298929462157870182e-03
2.037349959499047403e-01 9.845155027679755588e-03
2.028920237017897699e-01 1.039138059320164273e-02
2.020466728550857904e-01 1.093391161168949348e-02
2.012005065142384863e-01 1.147517596774740717e-02
2.003543401733911544e-01 1.201644032380532433e-02
1.995081738325438503e-01 1.255770467986323802e-02
1.986620074916965184e-01 1.309896903592115171e-02
1.978158411508492143e-01 1.364023339197906713e-02
1.969693820591758571e-01 1.418103870380335585e-02
1.961217374964826232e-01 1.471998515277423217e-02
1.952740929337893894e-01 1.525893160174510502e-02
1.944264483710961555e-01 1.579787805071597787e-02
1.935788038084029217e-01 1.633682449968685418e-02
1.927311592457096878e-01 1.687577094865772703e-02
1.918835146830164540e-01 1.741471739762859988e-02
1.910354455450519462e-01 1.795299509521973425e-02
1.901870807030582589e-01 1.849080702739561155e-02
1.893387158610645715e-01 1.902861895957149579e-02
1.884903510190709119e-01 1.956643089174737657e-02
1.876419861770772246e-01 2.010424282392326081e-02
1.867936213350835373e-01 2.064205475609914506e-02
1.859452564930898499e-01 2.117986668827502583e-02
1.850963665686451431e-01 2.171684938890141095e-02
1.842474467058849152e-01 2.225378480972302689e-02
1.833985268431246873e-01 2.279072023054464283e-02
1.825496069803644594e-01 2.332765565136625877e-02
1.817006871176042315e-01 2.386459107218787817e-02
1.808517672548440314e-01 2.440152649300949064e-02
1.800027134001805917e-01 2.493824985373004760e-02
1.791533072077061139e-01 2.547441559275833919e-02
1.783039010152316639e-01 2.601058133178663426e-02
1.774544948227571861e-01 2.654674707081492932e-02
1.766050886302827361e-01 2.708291280984322091e-02
1.757556824378082583e-01 2.761907854887151598e-02
1.749062762453338082e-01 2.815524428789980757e-02
1.740565399326805540e-01 2.869088642788908058e-02
1.732065655108680768e-01 2.922615090624184134e-02
1.723565910890555719e-01 2.976141538459459862e-02
1.715066166672430947e-01 3.029667986294736284e-02
1.706566422454305898e-01 3.083194434130012360e-02
1.698066678236181126e-01 3.136720881965288088e-02
1.689566934018056354e-01 3.190247329800564163e-02
1.681061932474267884e-01 3.243690187645720258e-02
1.672556060440683334e-01 3.297119204949478660e-02
1.664050188407098507e-01 3.350548222253237063e-02
1.655544316373513680e-01 3.403977239556996159e-02
1.647038444339929131e-01 3.457406256860754562e-02
1.638532572306344304e-01 3.510835274164513659e-02
1.630026147537498027e-01 3.564255481254934715e-02
1.621514434989975439e-01 3.617591404852934373e-02
1.613002722442452574e-01 3.670927328450934723e-02
1.604491009894929987e-01 3.724263252048935074e-02
1.595979297347407122e-01 3.777599175646935425e-02
1.587467584799884535e-01 3.830935099244935776e-02
1.578955872252361947e-01 3.884271022842934740e-02
1.570442487309407220e-01 3.937580225134638262e-02
1.561925016886915873e-01 3.990824150191080166e-02
1.553407546464424804e-01 4.044068075247522764e-02
1.544890076041933458e-01 4.097312000303964669e-02
1.536372605619442389e-01 4.150555925360407267e-02
1.527855135196951042e-01 4.203799850416848477e-02
1.519337664774459973e-01 4.257043775473291075e-02
1.510817665504547991e-01 4.310247198297778581e-02
1.502294517239137484e-01 4.363400186546797371e-02
1.493771368973726976e-01 4.416553174795816161e-02
1.485248220708316469e-01 4.469706163044833563e-02
1.476725072442905962e-01 4.522859151293852353e-02
1.468201924177495454e-01 4.576012139542870449e-02
1.459678775912084947e-01 4.629165127791889239e-02
1.451152495483536142e-01 4.682267832401767332e-02
1.442623748489617330e-01 4.735330938856152638e-02
1.434095001495698518e-01 4.788394045310537250e-02
1.425566254501779984e-01 4.841457151764923250e-02
1.417037507507861172e-01 4.894520258219308556e-02
1.408508760513942359e-01 4.947583364673693862e-02
1.399980013520023547e-01 5.000646471128079168e-02
1.391447773642256192e-01 5.053653371800334582e-02
1.382913505278490218e-01 5.106627631065942252e-02
1.374379236914724522e-01 5.159601890331549923e-02
1.365844968550958549e-01 5.212576149597156899e-02
1.357310700187192853e-01 5.265550408862764570e-02
1.348776431823426880e-01 5.318524668128371546e-02
1.340242163459661184e-01 5.371498927393979217e-02
1.331704274717774306e-01 5.424414794573081261e-02
1.323164561335419542e-01 5.477301232626144434e-02
1.314624847953064779e-01 5.530187670679206913e-02
1.306085134570710016e-01 5.583074108732268698e-02
1.297545421188355530e-01 5.635960546785331871e-02
1.289005707806000767e-01 5.688846984838394349e-02
1.280465994423646003e-01 5.741733422891456828e-02
1.271922756276933630e-01 5.794562880972439767e-02
1.263377672215883762e-01 5.847362498718942231e-02
1.254832588154834172e-01 5.900162116465444001e-02
1.246287504093784582e-01 5.952961734211946465e-02
1.237742420032734991e-01 6.005761351958449623e-02
1.229197335971685262e-01 6.058560969704952087e-02
1.220652251910635672e-01 6.111360587451454551e-02
1.212103953020072650e-01 6.164108117965669958e-02
1.203553571059994276e-01 6.216821898221822768e-02
1.195003189099915902e-01 6.269535678477974883e-02
1.186452807139837667e-01 6.322249458734127692e-02
1.177902425179759294e-01 6.374963238990280501e-02
1.169352043219680920e-01 6.427677019246433310e-02
1.160801661259602685e-01 6.480390799502584731e-02
1.152248580317910137e-01 6.533060752560300444e-02
1.143692972231893368e-01 6.585689668785751905e-02
1.135137364145876460e-01 6.638318585011204753e-02
1.126581756059859829e-01 6.690947501236656214e-02
1.118026147973843060e-01 6.743576417462107675e-02
1.109470539887826152e-01 6.796205333687559136e-02
1.100914931801809382e-01 6.848834249913011984e-02
1.092357337726407168e-01 6.901430845452147245e-02
1.083796573649349337e-01 6.953975851274898923e-02
1.075235809572291645e-01 7.006520857097650601e-02
1.066675045495233815e-01 7.059065862920402279e-02
1.058114281418175984e-01 7.111610868743153957e-02
1.049553517341118430e-01 7.164155874565904247e-02
1.040992753264060738e-01 7.216700880388654538e-02
1.032430905538652549e-01 7.269228211942416196e-02
1.023865054725837942e-01 7.321690253272100657e-02
1.015299203913023196e-01 7.374152294601785118e-02
1.006733353100208589e-01 7.426614335931469579e-02
9.981675022873938430e-02 7.479076377261154041e-02
9.896016514745792358e-02 7.531538418590838502e-02
9.810358006617644899e-02 7.584000459920522963e-02
9.724699498489498828e-02 7.636462501250207424e-02
