# Strip length: 22 cm
# Origin: the left clamped end
# Target: P(s= 48/101 * 0.22) = [0.09238334 0.032391]

2.088999999999999746e-01 -1.000000000000000021e-02
2.094527144290931342e-01 -1.083776599404051404e-02
2.101188053525605282e-01 -1.158383251470990714e-02
2.109694978866354376e-01 -1.208839879512013313e-02
2.116664752536502048e-01 -1.146383278768962032e-02
2.119403591971310841e-01 -1.050804503971324022e-02
2.120737301177828271e-01 -9.513557879846796725e-03
2.120834509215097363e-01 -8.509939124106665267e-03
2.120931717252366178e-01 -7.506320368366535545e-03
2.120334701791043441e-01 -6.504452978879814856e-03
2.119731559613843852e-01 -5.502601045688441071e-03
2.118982103221257463e-01 -4.501949458349599476e-03
2.117944353691048054e-01 -3.503662996444014376e-03
2.116906604160838645e-01 -2.505376534538431444e-03
2.115850877851508105e-01 -1.507303841231044227e-03
2.114518592781907125e-01 -5.125198114880845368e-04
2.113186307712305867e-01 4.822642182548751537e-04
2.111854022642704609e-01 1.477048247997837013e-03
2.110487620825408361e-01 2.471338102882125569e-03
2.108942518029188196e-01 3.463039506727858680e-03
2.107397415232968307e-01 4.454740910573587453e-03
2.105852312436748142e-01 5.446442314419321432e-03
2.104307209640528253e-01 6.438143718265050205e-03
2.102660254706076315e-01 7.428173285522616555e-03
2.100954070846745847e-01 8.417230648510258886e-03
2.099247886987415379e-01 9.406288011497898616e-03
2.097541703128084911e-01 1.039534537448554008e-02
2.095835519268754443e-01 1.138440273747317981e-02
2.094069202879262626e-01 1.237238305762572432e-02
2.092236417067928622e-01 1.335917283391862241e-02
2.090403631256594341e-01 1.434596261021152397e-02
2.088570845445260338e-01 1.533275238650442032e-02
2.086738059633926334e-01 1.631954216279732361e-02
2.084905273822592053e-01 1.730633193909022344e-02
2.083001850259651733e-01 1.829177174550280713e-02
2.081066636247242696e-01 1.927660399932078564e-02
2.079131422234833382e-01 2.026143625313877455e-02
2.077196208222424068e-01 2.124626850695676000e-02
2.075260994210014753e-01 2.223110076077474892e-02
2.073325780197605439e-01 2.321593301459273090e-02
2.071367072043382718e-01 2.420029311596792049e-02
2.069347342819245761e-01 2.518342690112136684e-02
2.067327613595108804e-01 2.616656068627481319e-02
2.065307884370972125e-01 2.714969447142825953e-02
2.063288155146835168e-01 2.813282825658169894e-02
2.061268425922698488e-01 2.911596204173514529e-02
2.059248696698561532e-01 3.009909582688859164e-02
2.057211808886620918e-01 3.108187063289455029e-02
2.055120972439008487e-01 3.206351676587314292e-02
2.053030135991396332e-01 3.304516289885173208e-02
2.050939299543783900e-01 3.402680903183032124e-02
2.048848463096171468e-01 3.500845516480891734e-02
2.046757626648559314e-01 3.599010129778750650e-02
2.044666790200946882e-01 3.697174743076609565e-02
2.042575953753334450e-01 3.795339356374468481e-02
2.040449766866342662e-01 3.893427529297548845e-02
2.038298102896562991e-01 3.991460611596841374e-02
2.036146438926783320e-01 4.089493693896133902e-02
2.033994774957003648e-01 4.187526776195426431e-02
2.031843110987223977e-01 4.285559858494718960e-02
2.029691447017444583e-01 4.383592940794012183e-02
2.027539783047664912e-01 4.481626023093304712e-02
2.025388119077885241e-01 4.579659105392596546e-02
2.023220650928431730e-01 4.677657053574157259e-02
2.021016196103467277e-01 4.775572777038029904e-02
2.018811741278502547e-01 4.873488500501902548e-02
2.016607286453538095e-01 4.971404223965776581e-02
2.014402831628573642e-01 5.069319947429649920e-02
2.012198376803608912e-01 5.167235670893523952e-02
2.009993921978644460e-01 5.265151394357396597e-02
2.007789467153680008e-01 5.363067117821269242e-02
2.005585012328715278e-01 5.460982841285143274e-02
2.003362089413268099e-01 5.558856525792227332e-02
2.001111232843968135e-01 5.656666624858881776e-02
1.998860376274668171e-01 5.754476723925534831e-02
1.996609519705368208e-01 5.852286822992187193e-02
1.994358663136068244e-01 5.950096922058841636e-02
1.992107806566768280e-01 6.047907021125493998e-02
1.989856949997468316e-01 6.145717120192147054e-02
1.987606093428168075e-01 6.243527219258801497e-02
1.985355236858868111e-01 6.341337318325454553e-02
1.983104380289568147e-01 6.439147417392107609e-02
1.980817251968436943e-01 6.536873239885476750e-02
1.978525145541703556e-01 6.634587495866051121e-02
1.976233039114970169e-01 6.732301751846628268e-02
1.973940932688236782e-01 6.830016007827202640e-02
1.971648826261503396e-01 6.927730263807778399e-02
1.969356719834770009e-01 7.025444519788352771e-02
1.967064613408036622e-01 7.123158775768928530e-02
1.964772506981303235e-01 7.220873031749504289e-02
1.962480400554569848e-01 7.318587287730078661e-02
1.960188294127836461e-01 7.416301543710654420e-02
1.957868559497468186e-01 7.513950438511994567e-02
1.955539406523228996e-01 7.611577051949333650e-02
1.953210253548989805e-01 7.709203665386675508e-02
1.950881100574750615e-01 7.806830278824015978e-02
1.948551947600511425e-01 7.904456892261357837e-02
1.946222794626272512e-01 8.002083505698696919e-02
1.943893641652033322e-01 8.099710119136037390e-02
1.941564488677794131e-01 8.197336732573379248e-02
1.939235335703555219e-01 8.294963346010719718e-02
1.936906182729316028e-01 8.392589959448058801e-02
1.934577029755076838e-01 8.490216572885400659e-02
