0.000000000000000000e+00 0.000000000000000000e+00 0.000000000000000000e+00
2.200000000000000133e-03 0.000000000000000000e+00 0.000000000000000000e+00
4.400000000000000265e-03 0.000000000000000000e+00 0.000000000000000000e+00
6.599999999999999964e-03 0.000000000000000000e+00 0.000000000000000000e+00
8.800000000000000530e-03 0.000000000000000000e+00 0.000000000000000000e+00
1.100000000000000110e-02 0.000000000000000000e+00 0.000000000000000000e+00
1.319999999999999993e-02 0.000000000000000000e+00 0.000000000000000000e+00
1.540000000000000223e-02 0.000000000000000000e+00 0.000000000000000000e+00
1.760000000000000106e-02 0.000000000000000000e+00 0.000000000000000000e+00
1.979999999999999816e-02 0.000000000000000000e+00 0.000000000000000000e+00
2.200000000000000219e-02 0.000000000000000000e+00 0.000000000000000000e+00
2.419999999999999929e-02 0.000000000000000000e+00 0.000000000000000000e+00
2.639999999999999986e-02 0.000000000000000000e+00 0.000000000000000000e+00
2.860000000000000042e-02 0.000000000000000000e+00 0.000000000000000000e+00
3.080000000000000446e-02 0.000000000000000000e+00 0.000000000000000000e+00
3.300000000000000155e-02 0.000000000000000000e+00 0.000000000000000000e+00
3.520000000000000212e-02 0.000000000000000000e+00 0.000000000000000000e+00
3.740000000000000269e-02 0.000000000000000000e+00 0.000000000000000000e+00
3.959999999999999631e-02 0.000000000000000000e+00 0.000000000000000000e+00
4.180000000000000382e-02 0.000000000000000000e+00 0.000000000000000000e+00
4.400000000000000439e-02 0.000000000000000000e+00 0.000000000000000000e+00
4.619999999999999801e-02 0.000000000000000000e+00 0.000000000000000000e+00
4.839999999999999858e-02 0.000000000000000000e+00 0.000000000000000000e+00
5.059999999999999915e-02 0.000000000000000000e+00 0.000000000000000000e+00
5.279999999999999971e-02 0.000000000000000000e+00 0.000000000000000000e+00
5.500000000000000028e-02 0.000000000000000000e+00 0.000000000000000000e+00
5.720000000000000084e-02 0.000000000000000000e+00 0.000000000000000000e+00
5.940000000000000141e-02 0.000000000000000000e+00 0.000000000000000000e+00
6.160000000000000892e-02 0.000000000000000000e+00 0.000000000000000000e+00
6.379999999999999560e-02 0.000000000000000000e+00 0.000000000000000000e+00
6.600000000000000311e-02 0.000000000000000000e+00 0.000000000000000000e+00
6.819999999999999674e-02 0.000000000000000000e+00 0.000000000000000000e+00
7.040000000000000424e-02 0.000000000000000000e+00 0.000000000000000000e+00
7.259999999999999787e-02 0.000000000000000000e+00 0.000000000000000000e+00
7.480000000000000537e-02 0.000000000000000000e+00 0.000000000000000000e+00
7.700000000000001288e-02 0.000000000000000000e+00 0.000000000000000000e+00
7.919999999999999263e-02 0.000000000000000000e+00 0.000000000000000000e+00
8.140000000000000013e-02 0.000000000000000000e+00 0.000000000000000000e+00
8.360000000000000764e-02 0.000000000000000000e+00 0.000000000000000000e+00
8.580000000000000127e-02 0.000000000000000000e+00 0.000000000000000000e+00
8.800000000000000877e-02 0.000000000000000000e+00 0.000000000000000000e+00
9.020000000000000240e-02 0.000000000000000000e+00 0.000000000000000000e+00
9.239999999999999603e-02 0.000000000000000000e+00 0.000000000000000000e+00
9.460000000000000353e-02 0.000000000000000000e+00 0.000000000000000000e+00
9.679999999999999716e-02 0.000000000000000000e+00 0.000000000000000000e+00
9.900000000000000466e-02 0.000000000000000000e+00 0.000000000000000000e+00
1.011999999999999983e-01 0.000000000000000000e+00 0.000000000000000000e+00
1.034000000000000058e-01 0.000000000000000000e+00 0.000000000000000000e+00
1.055999999999999994e-01 0.000000000000000000e+00 0.000000000000000000e+00
1.077999999999999931e-01 0.000000000000000000e+00 0.000000000000000000e+00
1.100000000000000006e-01 0.000000000000000000e+00 0.000000000000000000e+00
1.122000000000000081e-01 0.000000000000000000e+00 0.000000000000000000e+00
1.144000000000000017e-01 0.000000000000000000e+00 0.000000000000000000e+00
1.166000000000000092e-01 0.000000000000000000e+00 0.000000000000000000e+00
1.188000000000000028e-01 0.000000000000000000e+00 0.000000000000000000e+00
1.210000000000000103e-01 0.000000000000000000e+00 0.000000000000000000e+00
1.232000000000000178e-01 0.000000000000000000e+00 0.000000000000000000e+00
1.254000000000000115e-01 0.000000000000000000e+00 0.000000000000000000e+00
1.275999999999999912e-01 0.000000000000000000e+00 0.000000000000000000e+00
1.297999999999999987e-01 0.000000000000000000e+00 0.000000000000000000e+00
1.320000000000000062e-01 0.000000000000000000e+00 0.000000000000000000e+00
1.341999999999999860e-01 0.000000000000000000e+00 0.000000000000000000e+00
1.363999999999999935e-01 0.000000000000000000e+00 0.000000000000000000e+00
1.386000000000000010e-01 0.000000000000000000e+00 0.000000000000000000e+00
1.408000000000000085e-01 0.000000000000000000e+00 0.000000000000000000e+00
1.430000000000000160e-01 0.000000000000000000e+00 0.000000000000000000e+00
1.451999999999999957e-01 0.000000000000000000e+00 0.000000000000000000e+00
1.474000000000000032e-01 0.000000000000000000e+00 0.000000000000000000e+00
1.496000000000000107e-01 0.000000000000000000e+00 0.000000000000000000e+00
1.518000000000000183e-01 0.000000000000000000e+00 0.000000000000000000e+00
1.540000000000000258e-01 0.000000000000000000e+00 0.000000000000000000e+00
1.562000000000000055e-01 0.000000000000000000e+00 0.000000000000000000e+00
1.583999999999999853e-01 0.000000000000000000e+00 0.000000000000000000e+00
1.605999999999999928e-01 0.000000000000000000e+00 0.000000000000000000e+00
1.628000000000000003e-01 0.000000000000000000e+00 0.000000000000000000e+00
1.650000000000000078e-01 0.000000000000000000e+00 0.000000000000000000e+00
1.672000000000000153e-01 0.000000000000000000e+00 0.000000000000000000e+00
1.693999999999999950e-01 0.000000000000000000e+00 0.000000000000000000e+00
1.716000000000000025e-01 0.000000000000000000e+00 0.000000000000000000e+00
1.738000000000000100e-01 0.000000000000000000e+00 0.000000000000000000e+00
1.760000000000000175e-01 0.000000000000000000e+00 0.000000000000000000e+00
1.782000000000000250e-01 0.000000000000000000e+00 0.000000000000000000e+00
1.804000000000000048e-01 0.000000000000000000e+00 0.000000000000000000e+00
1.826000000000000123e-01 0.000000000000000000e+00 0.000000000000000000e+00
1.847999999999999921e-01 0.000000000000000000e+00 0.000000000000000000e+00
1.869999999999999996e-01 0.000000000000000000e+00 0.000000000000000000e+00
1.892000000000000071e-01 0.000000000000000000e+00 0.000000000000000000e+00
1.913999999999999868e-01 0.000000000000000000e+00 0.000000000000000000e+00
1.935999999999999943e-01 0.000000000000000000e+00 0.000000000000000000e+00
1.958000000000000018e-01 0.000000000000000000e+00 0.000000000000000000e+00
1.980000000000000093e-01 0.000000000000000000e+00 0.000000000000000000e+00
2.002000000000000168e-01 0.000000000000000000e+00 0.000000000000000000e+00
2.023999999999999966e-01 0.000000000000000000e+00 0.000000000000000000e+00
2.046000000000000041e-01 0.000000000000000000e+00 0.000000000000000000e+00
2.068000000000000116e-01 0.000000000000000000e+00 0.000000000000000000e+00
2.090000000000000191e-01 0.000000000000000000e+00 0.000000000000000000e+00
2.111999999999999988e-01 0.000000000000000000e+00 0.000000000000000000e+00
2.134000000000000064e-01 0.000000000000000000e+00 0.000000000000000000e+00
2.155999999999999861e-01 0.000000000000000000e+00 0.000000000000000000e+00
2.177999999999999936e-01 0.000000000000000000e+00 0.000000000000000000e+00
2.200000000000000011e-01 0.000000000000000000e+00 0.000000000000000000e+00
