1.100000000000000066e-03 0.000000000000000000e+00 -1.100000000000000066e-03
1.100000000000000066e-03 0.000000000000000000e+00 1.100000000000000066e-03
1.526432155172757982e-03 0.000000000000000000e+00 3.258056484250672173e-03
2.331085391055890462e-03 0.000000000000000000e+00 5.305756155581176428e-03
3.458329197013640648e-03 0.000000000000000000e+00 7.195519195195938453e-03
4.851806315474013406e-03 0.000000000000000000e+00 8.898832191096040650e-03
6.458891776380398797e-03 0.000000000000000000e+00 1.040260235414527945e-02
8.233155205600304824e-03 0.000000000000000000e+00 1.170524027284928353e-02
1.013531273953104453e-02 0.000000000000000000e+00 1.281309890674723478e-02
1.213318232319531703e-02 0.000000000000000000e+00 1.373755487517656394e-02
1.420107024588041639e-02 0.000000000000000000e+00 1.449278940710292153e-02
1.631889692401428810e-02 0.000000000000000000e+00 1.509420198114350652e-02
1.847125936648404826e-02 0.000000000000000000e+00 1.555733942791830658e-02
2.064654278252375103e-02 0.000000000000000000e+00 1.589721663502387944e-02
2.283613575572876822e-02 0.000000000000000000e+00 1.612791947311821225e-02
2.503376738952725611e-02 0.000000000000000000e+00 1.626240228474041399e-02
2.723496455359473642e-02 0.000000000000000000e+00 1.631241396187515721e-02
2.943661734533910973e-02 0.000000000000000000e+00 1.628850516440315949e-02
3.163663704983068342e-02 0.000000000000000000e+00 1.620008376912383807e-02
3.383369048657933892e-02 0.000000000000000000e+00 1.605549644076651600e-02
3.602699594779022046e-02 0.000000000000000000e+00 1.586212193683504690e-02
3.821616794537616157e-02 0.000000000000000000e+00 1.562646711282052875e-02
4.040110013591866056e-02 0.000000000000000000e+00 1.535426021492894595e-02
4.258187780548787493e-02 0.000000000000000000e+00 1.505053843806828696e-02
4.475871305219741164e-02 0.000000000000000000e+00 1.471972826658591617e-02
4.693189727352285040e-02 0.000000000000000000e+00 1.436571807849580315e-02
4.910176676149780733e-02 0.000000000000000000e+00 1.399192307379850536e-02
5.126867816460448785e-02 0.000000000000000000e+00 1.360134291707729495e-02
5.343299132870606843e-02 0.000000000000000000e+00 1.319661265403676564e-02
5.559505761773471388e-02 0.000000000000000000e+00 1.278004753122741546e-02
5.775521227090158610e-02 0.000000000000000000e+00 1.235368235746799742e-02
5.991376970468950680e-02 0.000000000000000000e+00 1.191930602009204712e-02
6.207102093756450972e-02 0.000000000000000000e+00 1.147849172543962196e-02
6.422723252145318140e-02 0.000000000000000000e+00 1.103262348116276423e-02
6.638264652102145169e-02 0.000000000000000000e+00 1.058291928406365594e-02
6.853748120098068775e-02 0.000000000000000000e+00 1.013045142489429722e-02
7.069193217184314981e-02 0.000000000000000000e+00 9.676164272727447516e-03
7.284617381256723589e-02 0.000000000000000000e+00 9.220889857049800395e-03
7.500036083963086686e-02 0.000000000000000000e+00 8.765361525899731041e-03
7.715462993028367189e-02 0.000000000000000000e+00 8.310225923086288907e-03
7.930910133615848290e-02 0.000000000000000000e+00 7.856053496499936645e-03
8.146388044443456100e-02 0.000000000000000000e+00 7.403347722384445891e-03
8.361905925915781579e-02 0.000000000000000000e+00 6.952553206776763452e-03
8.577471778651175882e-02 0.000000000000000000e+00 6.504062804736459452e-03
8.793092531585737504e-02 0.000000000000000000e+00 6.058223880100955389e-03
9.008774159401444770e-02 0.000000000000000000e+00 5.615343812973815074e-03
9.224521789415469908e-02 0.000000000000000000e+00 5.175694848673285074e-03
9.440339798327374021e-02 0.000000000000000000e+00 4.739518370167299446e-03
9.656231899385649131e-02 0.000000000000000000e+00 4.307028665862387001e-03
9.872201220630685836e-02 0.000000000000000000e+00 3.878416255793337448e-03
1.008825037491780097e-01 0.000000000000000000e+00 3.453850831600594872e-03
1.030438152243574740e-01 0.000000000000000000e+00 3.033483859031243721e-03
1.052059642642428211e-01 0.000000000000000000e+00 2.617450885926288391e-03
1.073689650276690583e-01 0.000000000000000000e+00 2.205873593649074899e-03
1.095328286409754381e-01 0.000000000000000000e+00 1.798861625571505311e-03
1.116975635901723274e-01 0.000000000000000000e+00 1.396514222483124764e-03
1.138631760697145640e-01 0.000000000000000000e+00 9.989216915535419159e-04
1.160296702929325685e-01 0.000000000000000000e+00 6.061667327001921818e-04
1.181970487687251242e-01 0.000000000000000000e+00 2.183256438408639859e-04
1.203653125486919828e-01 0.000000000000000000e+00 -1.645305755002289593e-04
1.225344614484839278e-01 0.000000000000000000e+00 -5.423352044485130414e-04
1.247044942467739337e-01 0.000000000000000000e+00 -9.150248485017812737e-04
1.268754088649111378e-01 0.000000000000000000e+00 -1.282538539442347079e-03
1.290472025300017644e-01 0.000000000000000000e+00 -1.644816873028529143e-03
1.312198719238740763e-01 0.000000000000000000e+00 -2.001801170687614751e-03
1.333934133201166716e-01 0.000000000000000000e+00 -2.353432651840728883e-03
1.355678227111365708e-01 0.000000000000000000e+00 -2.699651603682553993e-03
1.377430959269528299e-01 0.000000000000000000e+00 -3.040396535219060375e-03
1.399192287472232898e-01 0.000000000000000000e+00 -3.375603302135193624e-03
1.420962170077912090e-01 0.000000000000000000e+00 -3.705204188618803005e-03
1.442740567028225618e-01 0.000000000000000000e+00 -4.029126931600063646e-03
1.464527440833839900e-01 0.000000000000000000e+00 -4.347293671967664141e-03
1.486322757530681993e-01 0.000000000000000000e+00 -4.659619816179766394e-03
1.508126487610029487e-01 0.000000000000000000e+00 -4.966012790281952409e-03
1.529938606922624234e-01 0.000000000000000000e+00 -5.266370666653508691e-03
1.551759097553209177e-01 0.000000000000000000e+00 -5.560580641801682843e-03
1.573587948657244884e-01 0.000000000000000000e+00 -5.848517341179188325e-03
1.595425157245798642e-01 0.000000000000000000e+00 -6.130040924277108637e-03
1.617270728897329257e-01 0.000000000000000000e+00 -6.404994960100715735e-03
1.639124678365901921e-01 0.000000000000000000e+00 -6.673204039521402064e-03
1.660987030043640511e-01 0.000000000000000000e+00 -6.934471086858072161e-03
1.682857818220264146e-01 0.000000000000000000e+00 -7.188574328313595586e-03
1.704737087063380452e-01 0.000000000000000000e+00 -7.435263869505104317e-03
1.726624890218650954e-01 0.000000000000000000e+00 -7.674257828202378506e-03
1.748521289897452258e-01 0.000000000000000000e+00 -7.905237961438955213e-03
1.770426355279268171e-01 0.000000000000000000e+00 -8.127844718289829046e-03
1.792340160004237126e-01 0.000000000000000000e+00 -8.341671640715314293e-03
1.814262778464838521e-01 0.000000000000000000e+00 -8.546259024843469790e-03
1.836194280520508093e-01 0.000000000000000000e+00 -8.741086743793409150e-03
1.858134724149724526e-01 0.000000000000000000e+00 -8.925566120520424598e-03
1.880084145414090413e-01 0.000000000000000000e+00 -9.099030725097151731e-03
1.902042544929477275e-01 0.000000000000000000e+00 -9.260725955263946971e-03
1.924009869809412410e-01 0.000000000000000000e+00 -9.409797241967332582e-03
1.945985989751422285e-01 0.000000000000000000e+00 -9.545276703019581893e-03
1.967970665560127563e-01 0.000000000000000000e+00 -9.666068048149132133e-03
1.989963507918564023e-01 0.000000000000000000e+00 -9.770929517969180814e-03
2.011963923602568816e-01 0.000000000000000000e+00 -9.858454618483013937e-03
2.033971045545306666e-01 0.000000000000000000e+00 -9.927050392855008704e-03
2.055983642153933755e-01 0.000000000000000000e+00 -9.974912955198211167e-03
2.077999999999999847e-01 0.000000000000000000e+00 -1.000000000000000021e-02
2.099999999999999922e-01 0.000000000000000000e+00 -1.000000000000000021e-02
