1.100000000000000066e-03 0.000000000000000000e+00 1.100000000000000066e-03
1.100000000000000066e-03 0.000000000000000000e+00 -1.100000000000000066e-03
1.493784779009029763e-03 0.000000000000000000e+00 -3.264919373297737581e-03
2.232721465232368266e-03 0.000000000000000000e+00 -5.337917976927080213e-03
3.265091980331927528e-03 0.000000000000000000e+00 -7.281819041287005204e-03
4.541087613637107348e-03 0.000000000000000000e+00 -9.075518317141598873e-03
6.015672155759103218e-03 0.000000000000000000e+00 -1.071011857481073484e-02
7.649849354157190785e-03 0.000000000000000000e+00 -1.218538745392126754e-02
9.410879820031560483e-03 0.000000000000000000e+00 -1.350683653569026942e-02
1.127188978623043167e-02 0.000000000000000000e+00 -1.468348085661327906e-02
1.321118481446029169e-02 0.000000000000000000e+00 -1.572621360599482654e-02
1.521146764767214096e-02 0.000000000000000000e+00 -1.664668260423943225e-02
1.725907435812385968e-02 0.000000000000000000e+00 -1.745654984000208354e-02
1.934328589031320336e-02 0.000000000000000000e+00 -1.816702982010667822e-02
2.145573697923367981e-02 0.000000000000000000e+00 -1.878862331692806795e-02
2.358992458152468774e-02 0.000000000000000000e+00 -1.933098354558048654e-02
2.574080791588842163e-02 0.000000000000000000e+00 -1.980286912838546964e-02
2.790448803780514950e-02 0.000000000000000000e+00 -2.021215176348275730e-02
3.007795397645043889e-02 0.000000000000000000e+00 -2.056585661160975631e-02
3.225888322987745249e-02 0.000000000000000000e+00 -2.087022068154455526e-02
3.444548590483155481e-02 0.000000000000000000e+00 -2.113075959387440347e-02
3.663638347924066258e-02 0.000000000000000000e+00 -2.135233661016945964e-02
3.883051479281088986e-02 0.000000000000000000e+00 -2.153923018587900265e-02
4.102706331576497917e-02 0.000000000000000000e+00 -2.169519788217086007e-02
4.322540096977173230e-02 0.000000000000000000e+00 -2.182353550233684034e-02
4.542504478196442153e-02 0.000000000000000000e+00 -2.192713097775879361e-02
4.762562346485570142e-02 0.000000000000000000e+00 -2.200851293889777988e-02
4.982685166067261917e-02 0.000000000000000000e+00 -2.206989415223334361e-02
5.202851009714531960e-02 0.000000000000000000e+00 -2.211321014157968667e-02
5.423043029940734228e-02 0.000000000000000000e+00 -2.214015338017143175e-02
5.643248281198248728e-02 0.000000000000000000e+00 -2.215220346401790621e-02
5.863456812455383055e-02 0.000000000000000000e+00 -2.215065367427577342e-02
6.083660968048849871e-02 0.000000000000000000e+00 -2.213663431793580841e-02
6.303854849001652716e-02 0.000000000000000000e+00 -2.211113320918601036e-02
6.524033898006435794e-02 0.000000000000000000e+00 -2.207501362300530803e-02
6.744194579748770402e-02 0.000000000000000000e+00 -2.202903002073257344e-02
6.964334134763938700e-02 0.000000000000000000e+00 -2.197384181627530172e-02
7.184450390034362310e-02 0.000000000000000000e+00 -2.191002542226015357e-02
7.404541613390763777e-02 0.000000000000000000e+00 -2.183808478829426386e-02
7.624606401745961937e-02 0.000000000000000000e+00 -2.175846061881096111e-02
7.844643595472437780e-02 0.000000000000000000e+00 -2.167153843573880329e-02
8.064652212991597902e-02 0.000000000000000000e+00 -2.157765563137150830e-02
8.284631400996131378e-02 0.000000000000000000e+00 -2.147710763917934709e-02
8.504580396770064499e-02 0.000000000000000000e+00 -2.137015333471228504e-02
8.724498499876232049e-02 0.000000000000000000e+00 -2.125701976501275653e-02
8.944385051102622664e-02 0.000000000000000000e+00 -2.113790629289576117e-02
9.164239417040133395e-02 0.000000000000000000e+00 -2.101298823188902168e-02
9.384060979036674965e-02 0.000000000000000000e+00 -2.088242003839205913e-02
9.603849125561851607e-02 0.000000000000000000e+00 -2.074633811956087467e-02
9.823603247241324832e-02 0.000000000000000000e+00 -2.060486330842040831e-02
1.004332273399554110e-01 0.000000000000000000e+00 -2.045810305163018455e-02
1.026300697385511829e-01 0.000000000000000000e+00 -2.030615335007450103e-02
1.048265535313354230e-01 0.000000000000000000e+00 -2.014910048792463437e-02
1.070226725772393112e-01 0.000000000000000000e+00 -1.998702258194630377e-02
1.092184207535554646e-01 0.000000000000000000e+00 -1.981999097953254796e-02
1.114137919870187149e-01 0.000000000000000000e+00 -1.964807153116995136e-02
1.136087802927834151e-01 0.000000000000000000e+00 -1.947132576074601593e-02
1.158033798210701404e-01 0.000000000000000000e+00 -1.928981195523479450e-02
1.179975849115942332e-01 0.000000000000000000e+00 -1.910358619382379955e-02
1.201913901561929982e-01 0.000000000000000000e+00 -1.891270333544027571e-02
1.223847904703493777e-01 0.000000000000000000e+00 -1.871721798287993496e-02
1.245777811745780728e-01 0.000000000000000000e+00 -1.851718544132274769e-02
1.267703580869055102e-01 0.000000000000000000e+00 -1.831266268893079821e-02
1.289625176279407814e-01 0.000000000000000000e+00 -1.810370937746228273e-02
1.311542569403103264e-01 0.000000000000000000e+00 -1.789038888140820349e-02
1.333455740245150789e-01 0.000000000000000000e+00 -1.767276941507602006e-02
1.355364678935696565e-01 0.000000000000000000e+00 -1.745092523832529260e-02
1.377269387490975272e-01 0.000000000000000000e+00 -1.722493797333016219e-02
1.399169881818841388e-01 0.000000000000000000e+00 -1.699489805683416371e-02
1.421066194002257033e-01 0.000000000000000000e+00 -1.676090635491632105e-02
1.442958374897464480e-01 0.000000000000000000e+00 -1.652307597035362549e-02
1.464846497086771393e-01 0.000000000000000000e+00 -1.628153427630459754e-02
1.486730658228731239e-01 0.000000000000000000e+00 -1.603642521432412094e-02
1.508610984850669023e-01 0.000000000000000000e+00 -1.578791189973670350e-02
1.530487636629569714e-01 0.000000000000000000e+00 -1.553617958324453839e-02
1.552360811206665581e-01 0.000000000000000000e+00 -1.528143902444682040e-02
1.574230749577767985e-01 0.000000000000000000e+00 -1.502393034083571513e-02
1.596097742094320371e-01 0.000000000000000000e+00 -1.476392740497394981e-02
1.617962135097617826e-01 0.000000000000000000e+00 -1.450174287313712659e-02
1.639824338188501096e-01 0.000000000000000000e+00 -1.423773394093849273e-02
1.661684832104036724e-01 0.000000000000000000e+00 -1.397230893559789529e-02
1.683544177127260233e-01 0.000000000000000000e+00 -1.370593487086009012e-02
1.705403021890537218e-01 0.000000000000000000e+00 -1.343914610944362334e-02
1.727262112340270384e-01 0.000000000000000000e+00 -1.317255429968653899e-02
1.749122300500859928e-01 0.000000000000000000e+00 -1.290685977817019638e-02
1.770984552496087105e-01 0.000000000000000000e+00 -1.264286465900857880e-02
1.792849955039274301e-01 0.000000000000000000e+00 -1.238148786367466656e-02
1.814719719266786047e-01 0.000000000000000000e+00 -1.212378238318676318e-02
1.836595180332420141e-01 0.000000000000000000e+00 -1.187095510763678564e-02
1.858477790562764742e-01 0.000000000000000000e+00 -1.162438960672002204e-02
1.880369103142623677e-01 0.000000000000000000e+00 -1.138567229915977280e-02
1.902270742185086794e-01 0.000000000000000000e+00 -1.115662250824736232e-02
1.924184353550711934e-01 0.000000000000000000e+00 -1.093932696380146667e-02
1.946111528793957879e-01 0.000000000000000000e+00 -1.073617937489289645e-02
1.968053691975489017e-01 0.000000000000000000e+00 -1.054992575750131334e-02
1.990011935583132496e-01 0.000000000000000000e+00 -1.038371624789399296e-02
2.011986787192532322e-01 0.000000000000000000e+00 -1.024116415101936940e-02
2.033977882443746832e-01 0.000000000000000000e+00 -1.012641293942855708e-02
2.055983512009111058e-01 0.000000000000000000e+00 -1.004421179372626954e-02
2.077999999999999847e-01 0.000000000000000000e+00 -1.000000000000000021e-02
2.099999999999999922e-01 0.000000000000000000e+00 -1.000000000000000021e-02
