# Strip length: 22 cm
# Origin: the left clamped end
# Target: P(s= 39/101 * 0.22) = [ 0.0486782  -0.03565706]


2.088999999999999746e-01 -1.000000000000000021e-02
2.081846287118485905e-01 -1.070350544410266815e-02
2.074692574236972342e-01 -1.140701088820533435e-02
2.067539281431191034e-01 -1.211055903202862619e-02
2.060388267472356427e-01 -1.281433881534082414e-02
2.053237253513521821e-01 -1.351811859865302209e-02
2.046093245405670447e-01 -1.422260791699037769e-02
2.038965244319903836e-01 -1.492871838639762624e-02
2.031837243234136947e-01 -1.563482885580487480e-02
2.024744708240351632e-01 -1.634447452670040324e-02
2.017706604362268785e-01 -1.705954580133435539e-02
2.010668500484186216e-01 -1.777461707596830406e-02
2.003663174146388115e-01 -1.849286131056141619e-02
1.996744847217889474e-01 -1.921952733763129112e-02
1.989826520289390555e-01 -1.994619336470117299e-02
1.982908193360891635e-01 -2.067285939177104792e-02
1.976135813057471602e-01 -2.141309731758902352e-02
1.969390054829974757e-01 -2.215581088899798087e-02
1.962644296602478189e-01 -2.289852446040693476e-02
1.955898538374981344e-01 -2.364123803181589212e-02
1.949346634841311598e-01 -2.440110183379201950e-02
1.942797217865364634e-01 -2.516118562032166120e-02
1.936247800889417670e-01 -2.592126940685130290e-02
1.929698383913470983e-01 -2.668135319338094461e-02
1.923223021409733169e-01 -2.744769239978287270e-02
1.916824112264144120e-01 -2.822048966120299998e-02
1.910425203118555348e-01 -2.899328692262312379e-02
1.904026293972966577e-01 -2.976608418404325107e-02
1.897627384827377806e-01 -3.053888144546337835e-02
1.891246284878579931e-01 -3.131313835229475318e-02
1.884925194883970978e-01 -3.209231368724447392e-02
1.878604104889362303e-01 -3.287148902219418078e-02
1.872283014894753350e-01 -3.365066435714389459e-02
1.865961924900144397e-01 -3.442983969209360839e-02
1.859640834905535445e-01 -3.520901502704332220e-02
1.853324950033997109e-01 -3.598860943294767550e-02
1.847061925748650357e-01 -3.677245971061873786e-02
1.840798901463303328e-01 -3.755630998828980716e-02
1.834535877177956575e-01 -3.834016026596086951e-02
1.828272852892609823e-01 -3.912401054363193187e-02
1.822009828607263071e-01 -3.990786082130299423e-02
1.815746804321916041e-01 -4.069171109897406352e-02
1.809487174533650766e-01 -4.147583100571942266e-02
1.803269284209766399e-01 -4.226326632940950040e-02
1.797051393885882031e-01 -4.305070165309958508e-02
1.790833503561997664e-01 -4.383813697678966975e-02
1.784615613238113574e-01 -4.462557230047974749e-02
1.778397722914229206e-01 -4.541300762416983217e-02
1.772179832590344839e-01 -4.620044294785990990e-02
1.765961942266460472e-01 -4.698787827154999458e-02
1.759749738107274919e-01 -4.777576052671081430e-02
1.753567283170227031e-01 -4.856598106510953000e-02
1.747384828233178866e-01 -4.935620160350823876e-02
1.741202373296130979e-01 -5.014642214190695446e-02
1.735019918359082813e-01 -5.093664268030566322e-02
1.728837463422034926e-01 -5.172686321870437892e-02
1.722655008484986761e-01 -5.251708375710309462e-02
1.716472553547938873e-01 -5.330730429550180338e-02
1.710290098610890708e-01 -5.409752483390051908e-02
1.704117260852845706e-01 -5.488849505534416917e-02
1.697962783386653962e-01 -5.568089650724519779e-02
1.691808305920462496e-01 -5.647329795914621947e-02
1.685653828454271030e-01 -5.726569941104724115e-02
1.679499350988079565e-01 -5.805810086294826283e-02
1.673344873521887821e-01 -5.885050231484929145e-02
1.667190396055696355e-01 -5.964290376675032007e-02
1.661035918589504889e-01 -6.043530521865133481e-02
1.654881441123313146e-01 -6.122770667055236343e-02
1.648726963657121680e-01 -6.202010812245339205e-02
1.642586381702306475e-01 -6.281358566978802183e-02
1.636454366173762109e-01 -6.360772661783840876e-02
1.630322350645218021e-01 -6.440186756588880956e-02
1.624190335116673656e-01 -6.519600851393919649e-02
1.618058319588129568e-01 -6.599014946198958342e-02
1.611926304059585202e-01 -6.678429041003998423e-02
1.605794288531041114e-01 -6.757843135809035728e-02
1.599662273002497026e-01 -6.837257230614075809e-02
1.593530257473952660e-01 -6.916671325419115890e-02
1.587398241945408572e-01 -6.996085420224153195e-02
1.581266226416864207e-01 -7.075499515029193276e-02
1.575152191459771589e-01 -7.155052116395661799e-02
1.569038564220193444e-01 -7.234607858460477547e-02
1.562924936980615298e-01 -7.314163600525293296e-02
1.556811309741037430e-01 -7.393719342590107657e-02
1.550697682501459285e-01 -7.473275084654923406e-02
1.544584055261881417e-01 -7.552830826719739155e-02
1.538470428022303271e-01 -7.632386568784553516e-02
1.532356800782725403e-01 -7.711942310849369264e-02
1.526243173543147258e-01 -7.791498052914185013e-02
1.520129546303569390e-01 -7.871053794978999374e-02
1.514015919063991245e-01 -7.950609537043815123e-02
1.507908563096308219e-01 -8.030213378879903774e-02
1.501809812427298829e-01 -8.109883222143586534e-02
1.495711061758289162e-01 -8.189553065407270682e-02
1.489612311089279495e-01 -8.269222908670956218e-02
1.483513560420270105e-01 -8.348892751934638978e-02
1.477414809751260438e-01 -8.428562595198323126e-02
1.471316059082250771e-01 -8.508232438462007274e-02
1.465217308413241382e-01 -8.587902281725691422e-02
1.459118557744231715e-01 -8.667572124989375570e-02
1.453019807075222047e-01 -8.747241968253059718e-02
1.446921056406212658e-01 -8.826911811516743867e-02
1.440822305737202991e-01 -8.906581654780428015e-02
1.434723555068193324e-01 -8.986251498044112163e-02
1.428636256364893276e-01 -9.066008868941848042e-02
1.422549583344011326e-01 -9.145771021944515411e-02
1.416462910323129099e-01 -9.225533174947184167e-02
1.410376237302247149e-01 -9.305295327949852924e-02
1.404289564281364922e-01 -9.385057480952521680e-02
1.398202891260482694e-01 -9.464819633955189049e-02
1.392116218239600745e-01 -9.544581786957857805e-02
1.386029545218718795e-01 -9.624343939960525174e-02
1.379942872197836568e-01 -9.704106092963193930e-02
1.373856199176954340e-01 -9.783868245965862687e-02
1.367769526156072390e-01 -9.863630398968531443e-02
1.361682853135190441e-01 -9.943392551971198812e-02
1.355596180114308213e-01 -1.002315470497386618e-01
1.349515003534200452e-01 -1.010295874824470724e-01
1.343438103277412032e-01 -1.018279538284836971e-01
1.337361203020623612e-01 -1.026263201745203357e-01
1.331284302763835192e-01 -1.034246865205569882e-01
1.325207402507046772e-01 -1.042230528665936129e-01
1.319130502250258352e-01 -1.050214192126302515e-01
1.313053601993469932e-01 -1.058197855586669039e-01
1.306976701736681512e-01 -1.066181519047035287e-01
1.300899801479893092e-01 -1.074165182507401811e-01
1.294822901223104672e-01 -1.082148845967768058e-01
1.288746000966316252e-01 -1.090132509428134444e-01
1.282669100709527832e-01 -1.098116172888500830e-01
1.276592200452739412e-01 -1.106099836348867355e-01
1.270515300195950714e-01 -1.114083499809233740e-01
1.264440511211748774e-01 -1.122068768664045285e-01
1.258371452457355544e-01 -1.130058394738841926e-01
1.252302393702962313e-01 -1.138048020813638428e-01
1.246233334948569221e-01 -1.146037646888434930e-01
1.240164276194175991e-01 -1.154027272963231432e-01
1.234095217439782760e-01 -1.162016899038028073e-01
1.228026158685389668e-01 -1.170006525112824297e-01
1.221957099930996438e-01 -1.177996151187620938e-01
1.215888041176603207e-01 -1.185985777262417440e-01
1.209818982422209976e-01 -1.193975403337213942e-01
1.203749923667816746e-01 -1.201965029412010444e-01
1.197680864913423515e-01 -1.209954655486807085e-01
1.191611806159030562e-01 -1.217944281561603309e-01
1.185542747404637332e-01 -1.225933907636399950e-01
1.179473688650244101e-01 -1.233923533711196452e-01
1.173405088590817880e-01 -1.241913507938128269e-01
1.167342230388499075e-01 -1.249907840267842907e-01
1.161279372186180270e-01 -1.257902172597557544e-01
1.155216513983861604e-01 -1.265896504927271904e-01
1.149153655781542799e-01 -1.273890837256986541e-01
1.143090797579223994e-01 -1.281885169586701179e-01
1.137027939376905050e-01 -1.289879501916415816e-01
1.130965081174586245e-01 -1.297873834246130453e-01
1.124902222972267440e-01 -1.305868166575845368e-01
1.118839364769948774e-01 -1.313862498905559728e-01
1.112776506567629969e-01 -1.321856831235274365e-01
1.106713648365311164e-01 -1.329851163564989003e-01
1.100650790162992221e-01 -1.337845495894703640e-01
1.094587931960673416e-01 -1.345839828224418278e-01
1.088525073758354750e-01 -1.353834160554132637e-01
1.082462215556035945e-01 -1.361828492883847275e-01
1.076399357353717140e-01 -1.369822825213561912e-01
1.070341202805333847e-01 -1.377820722550854027e-01
1.064283133244275648e-01 -1.385818684301995674e-01
1.058225063683217310e-01 -1.393816646053137320e-01
1.052166994122159249e-01 -1.401814607804278690e-01
1.046108924561100911e-01 -1.409812569555420336e-01
1.040050855000042573e-01 -1.417810531306561983e-01
1.033992785438984374e-01 -1.425808493057703630e-01
1.027934715877926036e-01 -1.433806454808845277e-01
1.021876646316867698e-01 -1.441804416559986923e-01
1.015818576755809638e-01 -1.449802378311128292e-01
1.009760507194751300e-01 -1.457800340062269939e-01
1.003702437633692962e-01 -1.465798301813411586e-01
9.976443680726347629e-02 -1.473796263564553233e-01
9.915862985115764250e-02 -1.481794225315694880e-01
9.855282289505180870e-02 -1.489792187066836526e-01
9.794701593894600267e-02 -1.497790148817977895e-01
9.734120898284016887e-02 -1.505788110569119542e-01
