x y theta(rad)
-9.890345390886068344e-04 2.201403528451919556e-01 1.616055130958557129e+00
-2.140652621164917946e-03 2.201987951993942261e-01 1.675556182861328125e+00
-3.640584414824843407e-03 2.199589014053344727e-01 1.758661508560180664e+00
-5.410927347838878632e-03 2.193879485130310059e-01 1.865664124488830566e+00
-7.356248795986175537e-03 2.184961438179016113e-01 1.995268106460571289e+00
-9.401477873325347900e-03 2.173151671886444092e-01 2.146048784255981445e+00
-1.149604935199022293e-02 2.158838063478469849e-01 2.314987897872924805e+00
-1.360566820949316025e-02 2.142428457736968994e-01 2.500330924987792969e+00
-1.570544391870498657e-02 2.124314010143280029e-01 2.700735569000244141e+00
-1.777584850788116455e-02 2.104844897985458374e-01 2.915872097015380859e+00
-1.980027183890342712e-02 2.084347307682037354e-01 -3.137548923492431641e+00
-1.986592821776866913e-02 2.083977609872817993e-01 -3.140481948852539062e+00
-1.993362419307231903e-02 2.083572149276733398e-01 3.140556335449218750e+00
-2.000362053513526917e-02 2.083100229501724243e-01 3.139838457107543945e+00
-2.007565647363662720e-02 2.082565128803253174e-01 3.140346288681030273e+00
-2.014957740902900696e-02 2.081966400146484375e-01 -3.141104936599731445e+00
-2.022538706660270691e-02 2.081300020217895508e-01 -3.138063669204711914e+00
-2.030307240784168243e-02 2.080565989017486572e-01 -3.133715391159057617e+00
-2.038261108100414276e-02 2.079764306545257568e-01 -3.128052473068237305e+00
-2.046398259699344635e-02 2.078895121812820435e-01 -3.121095418930053711e+00
-2.054715342819690704e-02 2.077958285808563232e-01 -3.112822771072387695e+00
-2.063208073377609253e-02 2.076954394578933716e-01 -3.103260278701782227e+00
-2.068811468780040741e-02 2.076821178197860718e-01 -3.099586009979248047e+00
-2.074635028839111328e-02 2.076671719551086426e-01 -3.095599651336669922e+00
-2.080656960606575012e-02 2.076496183872222900e-01 -3.091157913208007812e+00
-2.087025344371795654e-02 2.076281756162643433e-01 -3.086104869842529297e+00
-2.093861997127532959e-02 2.076026648283004761e-01 -3.080066204071044922e+00
-2.101181074976921082e-02 2.075727432966232300e-01 -3.072939157485961914e+00
-2.108992822468280792e-02 2.075384408235549927e-01 -3.064701318740844727e+00
-2.117293700575828552e-02 2.074997276067733765e-01 -3.055329799652099609e+00
-2.126079425215721130e-02 2.074565738439559937e-01 -3.044909715652465820e+00
-2.135347016155719757e-02 2.074089199304580688e-01 -3.033463716506958008e+00
-2.145098336040973663e-02 2.073568105697631836e-01 -3.020993947982788086e+00
-2.333245240151882172e-02 2.059007585048675537e-01 -3.040471792221069336e+00
-2.527780085802078247e-02 2.042577564716339111e-01 -3.048114299774169922e+00
-2.725496701896190643e-02 2.024594545364379883e-01 -3.038803815841674805e+00
-2.924302965402603149e-02 2.005569189786911011e-01 -3.012051105499267578e+00
-3.123295679688453674e-02 1.985842287540435791e-01 -2.970052957534790039e+00
-3.321931511163711548e-02 1.965644359588623047e-01 -2.912945270538330078e+00
-3.519839048385620117e-02 1.945123821496963501e-01 -2.841595172882080078e+00
-3.716662153601646423e-02 1.924371868371963501e-01 -2.756047725677490234e+00
-3.912032395601272583e-02 1.903453767299652100e-01 -2.656345844268798828e+00
-4.105573520064353943e-02 1.882424652576446533e-01 -2.542524099349975586e+00
-4.296919330954551697e-02 1.861340850591659546e-01 -2.414627552032470703e+00
-4.488033801317214966e-02 1.853296905755996704e-01 -2.411065816879272461e+00
-4.683683440089225769e-02 1.843543648719787598e-01 -2.403056859970092773e+00
-4.881349205970764160e-02 1.831697076559066772e-01 -2.387845754623413086e+00
-5.079212412238121033e-02 1.817975789308547974e-01 -2.364492416381835938e+00
-5.276605114340782166e-02 1.802689731121063232e-01 -2.332549333572387695e+00
-5.473288893699645996e-02 1.786144822835922241e-01 -2.292032241821289062e+00
-5.669304355978965759e-02 1.768587380647659302e-01 -2.244856357574462891e+00
-5.864578485488891602e-02 1.750267595052719116e-01 -2.191023826599121094e+00
-6.059049814939498901e-02 1.731384545564651489e-01 -2.130538463592529297e+00
-6.252664327621459961e-02 1.712094545364379883e-01 -2.063395500183105469e+00
-6.445376574993133545e-02 1.692520231008529663e-01 -1.989595174789428711e+00
-6.638106703758239746e-02 1.678482592105865479e-01 -1.975827693939208984e+00
-6.834524124860763550e-02 1.662267148494720459e-01 -1.958118557929992676e+00
-7.031795382499694824e-02 1.644351333379745483e-01 -1.935482501983642578e+00
-7.228848338127136230e-02 1.625442951917648315e-01 -1.907859802246093750e+00
-7.425422221422195435e-02 1.605976969003677368e-01 -1.875239610671997070e+00
-7.621448487043380737e-02 1.586208492517471313e-01 -1.837635278701782227e+00
-7.816898822784423828e-02 1.566280275583267212e-01 -1.795002460479736328e+00
-8.011760562658309937e-02 1.546274721622467041e-01 -1.747335314750671387e+00
-8.206029981374740601e-02 1.526240408420562744e-01 -1.694639682769775391e+00
-8.399709314107894897e-02 1.506208032369613647e-01 -1.636914134025573730e+00
-8.592811971902847290e-02 1.486198902130126953e-01 -1.574159264564514160e+00
-8.789134025573730469e-02 1.467898786067962646e-01 -1.570582985877990723e+00
-8.987361192703247070e-02 1.448641270399093628e-01 -1.562610745429992676e+00
-9.185751527547836304e-02 1.428942233324050903e-01 -1.549973964691162109e+00
-9.383820742368698120e-02 1.409065276384353638e-01 -1.532890796661376953e+00
-9.581484645605087280e-02 1.389121413230895996e-01 -1.511733055114746094e+00
-9.778711199760437012e-02 1.369158327579498291e-01 -1.486481189727783203e+00
-9.975498914718627930e-02 1.349196732044219971e-01 -1.457137107849121094e+00
-1.017185226082801819e-01 1.329247057437896729e-01 -1.423703193664550781e+00
-1.036778092384338379e-01 1.309316158294677734e-01 -1.386176466941833496e+00
-1.056329980492591858e-01 1.289409846067428589e-01 -1.344560980796813965e+00
-1.075842827558517456e-01 1.269533932209014893e-01 -1.298856735229492188e+00
-1.094876155257225037e-01 1.250593811273574829e-01 -1.288003921508789062e+00
-1.114502772688865662e-01 1.230953261256217957e-01 -1.277407169342041016e+00
-1.134323626756668091e-01 1.211078017950057983e-01 -1.267096519470214844e+00
-1.154199838638305664e-01 1.191136315464973450e-01 -1.257047891616821289e+00
-1.174092814326286316e-01 1.171176731586456299e-01 -1.247264862060546875e+00
-1.193992421030998230e-01 1.151212304830551147e-01 -1.237744927406311035e+00
-1.213896051049232483e-01 1.131246462464332581e-01 -1.228491783142089844e+00
-1.233802959322929382e-01 1.111280247569084167e-01 -1.219499349594116211e+00
-1.253712922334671021e-01 1.091313734650611877e-01 -1.210770368576049805e+00
-1.273625642061233521e-01 1.071346998214721680e-01 -1.202275514602661133e+00
-1.293541043996810913e-01 1.051380038261413574e-01 -1.194021701812744141e+00
-1.310715824365615845e-01 1.033589467406272888e-01 -1.181037783622741699e+00
-1.328943818807601929e-01 1.014875695109367371e-01 -1.168239593505859375e+00
-1.347913593053817749e-01 9.955565631389617920e-02 -1.156691431999206543e+00
-1.367319226264953613e-01 9.759143739938735962e-02 -1.146590232849121094e+00
-1.386970281600952148e-01 9.561066329479217529e-02 -1.137415409088134766e+00
-1.406757384538650513e-01 9.362146258354187012e-02 -1.128372192382812500e+00
-1.426610648632049561e-01 9.162855148315429688e-02 -1.119419813156127930e+00
-1.446495801210403442e-01 8.963406831026077271e-02 -1.110556483268737793e+00
-1.466396600008010864e-01 8.763892203569412231e-02 -1.101775050163269043e+00
-1.486305594444274902e-01 8.564350008964538574e-02 -1.093093276023864746e+00
-1.506219208240509033e-01 8.364797383546829224e-02 -1.084522485733032227e+00
-1.506506353616714478e-01 8.363065868616104126e-02 -1.079207777976989746e+00
-1.506805270910263062e-01 8.361139893531799316e-02 -1.073796749114990234e+00
-1.507154405117034912e-01 8.358900249004364014e-02 -1.068387866020202637e+00
-1.507569551467895508e-01 8.356287330389022827e-02 -1.063435673713684082e+00
-1.508045494556427002e-01 8.353266119956970215e-02 -1.059026598930358887e+00
-1.508584022521972656e-01 8.349835872650146484e-02 -1.055170297622680664e+00
-1.509184986352920532e-01 8.345993608236312866e-02 -1.051936745643615723e+00
-1.509848684072494507e-01 8.341738581657409668e-02 -1.049330711364746094e+00
-1.510574817657470703e-01 8.337071537971496582e-02 -1.047350406646728516e+00
-1.511363387107849121e-01 8.331990987062454224e-02 -1.045989513397216797e+00
-1.512214392423629761e-01 8.326496183872222900e-02 -1.045247673988342285e+00
-1.518145501613616943e-01 8.154257386922836304e-02 -1.054616689682006836e+00
-1.525420546531677246e-01 7.968091219663619995e-02 -1.065000057220458984e+00
-1.534246355295181274e-01 7.773618400096893311e-02 -1.076313614845275879e+00
-1.544597893953323364e-01 7.575409114360809326e-02 -1.088541507720947266e+00
-1.556346863508224487e-01 7.375689595937728882e-02 -1.101655483245849609e+00
-1.569342911243438721e-01 7.175368070602416992e-02 -1.115658998489379883e+00
-1.583438217639923096e-01 6.974800676107406616e-02 -1.130538463592529297e+00
-1.598492860794067383e-01 6.774128973484039307e-02 -1.146306872367858887e+00
-1.614376604557037354e-01 6.573409587144851685e-02 -1.162961602210998535e+00
-1.630971729755401611e-01 6.372667849063873291e-02 -1.180495619773864746e+00
-1.648173183202743530e-01 6.171917542815208435e-02 -1.198918938636779785e+00
-1.647908687591552734e-01 5.994225665926933289e-02 -1.202864170074462891e+00
-1.647571623325347900e-01 5.806075781583786011e-02 -1.203517556190490723e+00
-1.647123694419860840e-01 5.610558763146400452e-02 -1.198774337768554688e+00
-1.646564155817031860e-01 5.412465333938598633e-02 -1.188704490661621094e+00
-1.645894497632980347e-01 5.213611572980880737e-02 -1.173687338829040527e+00
-1.645114570856094360e-01 5.014657974243164062e-02 -1.153758287429809570e+00
-1.644220203161239624e-01 4.815847799181938171e-02 -1.129100799560546875e+00
-1.643213182687759399e-01 4.617293179035186768e-02 -1.099716782569885254e+00
-1.642095744609832764e-01 4.419060796499252319e-02 -1.065595030784606934e+00
-1.640870720148086548e-01 4.221203550696372986e-02 -1.026739001274108887e+00
-1.639541983604431152e-01 4.023774340748786926e-02 -9.831581711769104004e-01
-1.636965125799179077e-01 3.848222270607948303e-02 -9.777995347976684570e-01
-1.633756011724472046e-01 3.662462532520294189e-02 -9.695015549659729004e-01
-1.629802137613296509e-01 3.470285609364509583e-02 -9.561206698417663574e-01
-1.625058352947235107e-01 3.274750337004661560e-02 -9.375141859054565430e-01
-1.619526594877243042e-01 3.077835403382778168e-02 -9.136332869529724121e-01
-1.613201200962066650e-01 2.880469337105751038e-02 -8.849672079086303711e-01
-1.606087237596511841e-01 2.683112211525440216e-02 -8.518877029418945312e-01
-1.598208099603652954e-01 2.486013248562812805e-02 -8.143889307975769043e-01
-1.589591056108474731e-01 2.289302274584770203e-02 -7.724747657775878906e-01
-1.580265611410140991e-01 2.093057706952095032e-02 -7.261345982551574707e-01
-1.570263504981994629e-01 1.897335052490234375e-02 -6.753814220428466797e-01
-1.565980762243270874e-01 1.729492656886577606e-02 -6.548222303390502930e-01
-1.560409814119338989e-01 1.547155436128377914e-02 -6.289275884628295898e-01
-1.553302109241485596e-01 1.356540247797966003e-02 -5.961874723434448242e-01
-1.544636040925979614e-01 1.162686385214328766e-02 -5.562480092048645020e-01
-1.534511595964431763e-01 9.680788032710552216e-03 -5.090739727020263672e-01
-1.523058414459228516e-01 7.737303618341684341e-03 -4.546092152595520020e-01
-1.510415971279144287e-01 5.800486076623201370e-03 -3.928603529930114746e-01
-1.496725231409072876e-01 3.872051602229475975e-03 -3.238356113433837891e-01
-1.482124477624893188e-01 1.952732331119477749e-03 -2.475389540195465088e-01
-1.466747820377349854e-01 4.274644015822559595e-05 -1.639805436134338379e-01
-1.450722515583038330e-01 -1.858072355389595032e-03 -7.316961139440536499e-02
-1.450661420822143555e-01 -1.923416042700409889e-03 -8.093992620706558228e-02
-1.450638324022293091e-01 -1.995869446545839310e-03 -9.153142571449279785e-02
-1.450651139020919800e-01 -2.078600926324725151e-03 -1.059064194560050964e-01
-1.450703144073486328e-01 -2.171678468585014343e-03 -1.240463033318519592e-01
-1.450793445110321045e-01 -2.275202888995409012e-03 -1.460255980491638184e-01
-1.450923234224319458e-01 -2.389044500887393951e-03 -1.718710660934448242e-01
-1.451095938682556152e-01 -2.513185376301407814e-03 -2.015773653984069824e-01
-1.451316028833389282e-01 -2.647874644026160240e-03 -2.351427823305130005e-01
-1.451587378978729248e-01 -2.792975166812539101e-03 -2.725618481636047363e-01
-1.451914757490158081e-01 -2.948306966572999954e-03 -3.138406276702880859e-01
-1.452302783727645874e-01 -3.113640006631612778e-03 -3.589717447757720947e-01
-1.452233046293258667e-01 -3.175266087055206299e-03 -3.640612959861755371e-01
-1.452150493860244751e-01 -3.243477782234549522e-03 -3.712327480316162109e-01
-1.452017724514007568e-01 -3.321126801893115044e-03 -3.798240423202514648e-01
-1.451826840639114380e-01 -3.409601282328367233e-03 -3.894806206226348877e-01
-1.451575756072998047e-01 -3.508969675749540329e-03 -3.999365866184234619e-01
-1.451263874769210815e-01 -3.619235241785645485e-03 -4.111738204956054688e-01
-1.450891345739364624e-01 -3.740377025678753853e-03 -4.231876432895660400e-01
-1.450459063053131104e-01 -3.872308647260069847e-03 -4.359846711158752441e-01
-1.449968367815017700e-01 -4.014975856989622116e-03 -4.496037960052490234e-01
-1.449419707059860229e-01 -4.168353509157896042e-03 -4.640381634235382080e-01
-1.448813229799270630e-01 -4.332415293902158737e-03 -4.792896211147308350e-01
-1.443001627922058105e-01 -6.208546459674835205e-03 -4.526489377021789551e-01
-1.435481011867523193e-01 -8.145621046423912048e-03 -4.209396541118621826e-01
-1.426307111978530884e-01 -1.009866502135992050e-02 -3.839002847671508789e-01
-1.415614783763885498e-01 -1.205226499587297440e-02 -3.415255844593048096e-01
-1.403554975986480713e-01 -1.400158181786537170e-02 -2.938208878040313721e-01
-1.390285193920135498e-01 -1.594503410160541534e-02 -2.407465130090713501e-01
-1.375965327024459839e-01 -1.788212545216083527e-02 -1.823138892650604248e-01
-1.360747218132019043e-01 -1.981273479759693146e-02 -1.185186654329299927e-01
-1.344773173332214355e-01 -2.173694595694541931e-02 -4.936850070953369141e-02
-1.328172832727432251e-01 -2.365501783788204193e-02 2.513224631547927856e-02
-1.311063617467880249e-01 -2.556739374995231628e-02 1.049806848168373108e-01
-1.298358738422393799e-01 -2.743990905582904816e-02 1.215263232588768005e-01
-1.283250898122787476e-01 -2.937784045934677124e-02 1.422707438468933105e-01
-1.266346871852874756e-01 -3.133746236562728882e-02 1.676212549209594727e-01
-1.248280331492424011e-01 -3.330091387033462524e-02 1.976539194583892822e-01
-1.229449138045310974e-01 -3.526220843195915222e-02 2.326059341430664062e-01
-1.210183426737785339e-01 -3.721942752599716187e-02 2.724744975566864014e-01
-1.190683841705322266e-01 -3.917219862341880798e-02 3.172638118267059326e-01
-1.171070933341979980e-01 -4.112065955996513367e-02 3.669796884059906006e-01
-1.151417717337608337e-01 -4.306517168879508972e-02 4.216142594814300537e-01
-1.131769418716430664e-01 -4.500623047351837158e-02 4.811702966690063477e-01
-1.112155169248580933e-01 -4.694446921348571777e-02 5.456386208534240723e-01
-1.096213310956954956e-01 -4.884985461831092834e-02 5.535814166069030762e-01
-1.078567877411842346e-01 -5.080929026007652283e-02 5.647279024124145508e-01
-1.059901565313339233e-01 -5.278585106134414673e-02 5.793911814689636230e-01
-1.040677949786186218e-01 -5.476601794362068176e-02 5.975989103317260742e-01
-1.021166369318962097e-01 -5.674532800912857056e-02 6.193995475769042969e-01
-1.001515910029411316e-01 -5.872245132923126221e-02 6.448117494583129883e-01
-9.818065911531448364e-02 -6.069709360599517822e-02 6.738648414611816406e-01
-9.620840102434158325e-02 -6.266934424638748169e-02 7.065449953079223633e-01
-9.423734247684478760e-02 -6.463941186666488647e-02 7.428792715072631836e-01
-9.226895868778228760e-02 -6.660762429237365723e-02 7.828573584556579590e-01
-9.030415117740631104e-02 -6.857435405254364014e-02 8.264788985252380371e-01
-9.030308574438095093e-02 -6.862133741378784180e-02 8.318601846694946289e-01
-9.030161052942276001e-02 -6.866941601037979126e-02 8.372069597244262695e-01
-9.029968827962875366e-02 -6.872165948152542114e-02 8.425694704055786133e-01
-9.029847383499145508e-02 -6.877959519624710083e-02 8.480824232101440430e-01
-9.029808640480041504e-02 -6.884306669235229492e-02 8.537650704383850098e-01
-9.029883891344070435e-02 -6.891216337680816650e-02 8.596711158752441406e-01
-9.030096232891082764e-02 -6.898681819438934326e-02 8.657695055007934570e-01
-9.030437469482421875e-02 -6.906701624393463135e-02 8.720366954803466797e-01
-9.030896425247192383e-02 -6.915269792079925537e-02 8.784303665161132812e-01
-9.031468629837036133e-02 -6.924407184123992920e-02 8.850439786911010742e-01
-9.032155573368072510e-02 -6.934116035699844360e-02 8.918955326080322266e-01
-9.032062441110610962e-02 -6.938119232654571533e-02 8.958654999732971191e-01
-9.031928330659866333e-02 -6.942149251699447632e-02 9.005505442619323730e-01
-9.031689912080764771e-02 -6.946557760238647461e-02 9.059063792228698730e-01
-9.031261503696441650e-02 -6.951528042554855347e-02 9.116686582565307617e-01
-9.030671417713165283e-02 -6.957107782363891602e-02 9.176092743873596191e-01
-9.029939770698547363e-02 -6.963308155536651611e-02 9.235326647758483887e-01
-9.029056131839752197e-02 -6.970129162073135376e-02 9.294369220733642578e-01
-9.028028696775436401e-02 -6.977570801973342896e-02 9.353629350662231445e-01
-9.026860445737838745e-02 -6.985628604888916016e-02 9.412919282913208008e-01
-9.025543928146362305e-02 -6.994314491748809814e-02 9.471760988235473633e-01
-9.024086594581604004e-02 -7.003609836101531982e-02 9.530864953994750977e-01
-8.861441165208816528e-02 -7.169547677040100098e-02 9.473772644996643066e-01
-8.681311458349227905e-02 -7.352149486541748047e-02 9.409667253494262695e-01
-8.490668982267379761e-02 -7.544308155775070190e-02 9.339100122451782227e-01
-8.294467628002166748e-02 -7.741258293390274048e-02 9.274604916572570801e-01
-8.095850050449371338e-02 -7.940201461315155029e-02 9.216232299804687500e-01
-7.896208018064498901e-02 -8.139955252408981323e-02 9.163819551467895508e-01
-7.696153968572616577e-02 -8.340021967887878418e-02 9.117336869239807129e-01
-7.495953142642974854e-02 -8.540194481611251831e-02 9.076867699623107910e-01
-7.295718044042587280e-02 -8.740387856960296631e-02 9.042275547981262207e-01
-7.095497846603393555e-02 -8.940566331148147583e-02 9.013581871986389160e-01
-6.895312666893005371e-02 -9.140715748071670532e-02 8.990679979324340820e-01
-6.894501298666000366e-02 -9.141245484352111816e-02 9.053441286087036133e-01
-6.893584132194519043e-02 -9.141586720943450928e-02 9.109804630279541016e-01
-6.892530620098114014e-02 -9.141722321510314941e-02 9.158868193626403809e-01
-6.891431659460067749e-02 -9.141654521226882935e-02 9.200714826583862305e-01
-6.890285760164260864e-02 -9.141373634338378906e-02 9.235205054283142090e-01
-6.889094412326812744e-02 -9.140911698341369629e-02 9.261857867240905762e-01
-6.887850165367126465e-02 -9.140308201313018799e-02 9.280382394790649414e-01
-6.886553764343261719e-02 -9.139565378427505493e-02 9.290738701820373535e-01
-6.885202974081039429e-02 -9.138684719800949097e-02 9.292939901351928711e-01
-6.883775442838668823e-02 -9.137622267007827759e-02 9.287352561950683594e-01
-6.882271170616149902e-02 -9.136378020048141479e-02 9.274022579193115234e-01
-6.738270074129104614e-02 -9.159900248050689697e-02 9.235665202140808105e-01
-6.579320877790451050e-02 -9.185320883989334106e-02 9.216395616531372070e-01
-6.403909623622894287e-02 -9.212914854288101196e-02 9.229501485824584961e-01
-6.218178570270538330e-02 -9.242668747901916504e-02 9.277672767639160156e-01
-6.026507914066314697e-02 -9.274769574403762817e-02 9.357442855834960938e-01
-5.831445008516311646e-02 -9.309957176446914673e-02 9.470121264457702637e-01
-5.634766817092895508e-02 -9.348229318857192993e-02 9.615935087203979492e-01
-5.437418445944786072e-02 -9.389577805995941162e-02 9.794836640357971191e-01
-5.239892378449440002e-02 -9.433996677398681641e-02 1.000685691833496094e+00
-5.042446777224540710e-02 -9.481479227542877197e-02 1.025195717811584473e+00
-4.845220595598220825e-02 -9.532022476196289062e-02 1.053016662597656250e+00
-4.840572178363800049e-02 -9.532169252634048462e-02 1.054865598678588867e+00
-4.835670813918113708e-02 -9.532087296247482300e-02 1.057281374931335449e+00
-4.830198734998703003e-02 -9.531449526548385620e-02 1.060379147529602051e+00
-4.824149981141090393e-02 -9.530226886272430420e-02 1.064245223999023438e+00
-4.817511886358261108e-02 -9.528390318155288696e-02 1.069077491760253906e+00
-4.810282588005065918e-02 -9.525945037603378296e-02 1.074846863746643066e+00
-4.802446439862251282e-02 -9.522876888513565063e-02 1.081401586532592773e+00
-4.794007912278175354e-02 -9.519187361001968384e-02 1.088741421699523926e+00
-4.784980788826942444e-02 -9.514883905649185181e-02 1.096849679946899414e+00
-4.775372147560119629e-02 -9.509994089603424072e-02 1.105788707733154297e+00
-4.765183106064796448e-02 -9.504520893096923828e-02 1.115565061569213867e+00
-4.759428277611732483e-02 -9.503714740276336670e-02 1.107436418533325195e+00
-4.753269255161285400e-02 -9.503039717674255371e-02 1.097767472267150879e+00
-4.746470227837562561e-02 -9.502504765987396240e-02 1.086046576499938965e+00
-4.738993197679519653e-02 -9.502007812261581421e-02 1.072529911994934082e+00
-4.730832204222679138e-02 -9.501520544290542603e-02 1.057234287261962891e+00
-4.721992090344429016e-02 -9.501060098409652710e-02 1.040161728858947754e+00
-4.712474718689918518e-02 -9.500636160373687744e-02 1.021308064460754395e+00
-4.702280089259147644e-02 -9.500260651111602783e-02 1.000661253929138184e+00
-4.691412672400474548e-02 -9.499945491552352905e-02 9.782038927078247070e-01
-4.679881781339645386e-02 -9.499702602624893188e-02 9.539368748664855957e-01
-4.667697101831436157e-02 -9.499542415142059326e-02 9.278600811958312988e-01
-4.663275182247161865e-02 -9.499346464872360229e-02 9.227564334869384766e-01
-4.658459872007369995e-02 -9.499257802963256836e-02 9.171487092971801758e-01
-4.653135687112808228e-02 -9.499268233776092529e-02 9.118353128433227539e-01
-4.647290334105491638e-02 -9.499399363994598389e-02 9.068568348884582520e-01
-4.640908911824226379e-02 -9.499678760766983032e-02 9.021658301353454590e-01
-4.633971303701400757e-02 -9.500130265951156616e-02 8.976185321807861328e-01
-4.626490548253059387e-02 -9.500756114721298218e-02 8.932048678398132324e-01
-4.618469253182411194e-02 -9.501552581787109375e-02 8.889410495758056641e-01
-4.609907418489456177e-02 -9.502516686916351318e-02 8.848297595977783203e-01
-4.600803926587104797e-02 -9.503649920225143433e-02 8.808703422546386719e-01
-4.591159150004386902e-02 -9.504952281713485718e-02 8.770626783370971680e-01
-4.586853086948394775e-02 -9.504418075084686279e-02 8.732278943061828613e-01
-4.582659155130386353e-02 -9.503836929798126221e-02 8.696262240409851074e-01
-4.578427597880363464e-02 -9.503205120563507080e-02 8.659017682075500488e-01
-4.574232548475265503e-02 -9.502594172954559326e-02 8.623692989349365234e-01
-4.570094123482704163e-02 -9.501998126506805420e-02 8.591632843017578125e-01
-4.566032439470291138e-02 -9.501415491104125977e-02 8.562870025634765625e-01
-4.562015458941459656e-02 -9.500815719366073608e-02 8.539631962776184082e-01
-4.558017477393150330e-02 -9.500169754028320312e-02 8.523033857345581055e-01
-4.554038494825363159e-02 -9.499476850032806396e-02 8.513110280036926270e-01
-4.550067335367202759e-02 -9.498735517263412476e-02 8.509978055953979492e-01
-4.546099901199340820e-02 -9.497951716184616089e-02 8.513686656951904297e-01
-4.411608725786209106e-02 -9.495779126882553101e-02 8.658670783042907715e-01
-4.264343157410621643e-02 -9.492384642362594604e-02 8.823043107986450195e-01
-4.102268442511558533e-02 -9.486767649650573730e-02 9.020235538482666016e-01
-3.928217664361000061e-02 -9.479030966758728027e-02 9.237114787101745605e-01
-3.746106103062629700e-02 -9.469188749790191650e-02 9.473623037338256836e-01
-3.558542951941490173e-02 -9.457232058048248291e-02 9.731283783912658691e-01
-3.367536514997482300e-02 -9.443172067403793335e-02 1.001230955123901367e+00
-3.174436837434768677e-02 -9.427016973495483398e-02 1.031786441802978516e+00
-2.980125695466995239e-02 -9.408792108297348022e-02 1.064796924591064453e+00
-2.785167284309864044e-02 -9.388528764247894287e-02 1.100269556045532227e+00
-2.589920721948146820e-02 -9.366276115179061890e-02 1.138192057609558105e+00
-2.548725530505180359e-02 -9.362913668155670166e-02 1.150199413299560547e+00
-2.503529377281665802e-02 -9.358766674995422363e-02 1.163459777832031250e+00
-2.448730170726776123e-02 -9.352999180555343628e-02 1.178309679031372070e+00
-2.383226342499256134e-02 -9.345362335443496704e-02 1.194880485534667969e+00
-2.307430468499660492e-02 -9.335865080356597900e-02 1.213235378265380859e+00
-2.221784368157386780e-02 -9.324517101049423218e-02 1.233502507209777832e+00
-2.126777172088623047e-02 -9.311325848102569580e-02 1.255695819854736328e+00
-2.022897452116012573e-02 -9.296295791864395142e-02 1.279833078384399414e+00
-1.910723559558391571e-02 -9.279444813728332520e-02 1.305915236473083496e+00
-1.790838502347469330e-02 -9.260793030261993408e-02 1.333943605422973633e+00
-1.663821004331111908e-02 -9.240361303091049194e-02 1.363914251327514648e+00
-1.589288003742694855e-02 -9.223838150501251221e-02 1.373736977577209473e+00
-1.503690052777528763e-02 -9.203705191612243652e-02 1.383926630020141602e+00
-1.395301241427659988e-02 -9.175491333007812500e-02 1.395262718200683594e+00
-1.264054048806428909e-02 -9.137694537639617920e-02 1.407873272895812988e+00
-1.114617288112640381e-02 -9.090416133403778076e-02 1.421895623207092285e+00
-9.514546021819114685e-03 -9.033878892660140991e-02 1.437328457832336426e+00
-7.781090680509805679e-03 -8.968234807252883911e-02 1.454185366630554199e+00
-5.974174011498689651e-03 -8.893698453903198242e-02 1.472476601600646973e+00
-4.115781746804714203e-03 -8.810608834028244019e-02 1.492202877998352051e+00
-2.221842296421527863e-03 -8.719327300786972046e-02 1.513364076614379883e+00
-3.036872658412903547e-04 -8.620236814022064209e-02 1.535958528518676758e+00
-2.938612888101488352e-04 -8.619102090597152710e-02 1.532580614089965820e+00
-2.850460587069392204e-04 -8.618111908435821533e-02 1.529273390769958496e+00
-2.793240419123321772e-04 -8.617332577705383301e-02 1.526031851768493652e+00
-2.775814209599047899e-04 -8.616682887077331543e-02 1.523215889930725098e+00
-2.786597178783267736e-04 -8.616025000810623169e-02 1.520783782005310059e+00
-2.822251408360898495e-04 -8.615355938673019409e-02 1.518609523773193359e+00
-2.880790561903268099e-04 -8.614706993103027344e-02 1.516688227653503418e+00
-2.962213475257158279e-04 -8.614076673984527588e-02 1.515020370483398438e+00
-3.066959616262465715e-04 -8.613461256027221680e-02 1.513653993606567383e+00
-3.195952740497887135e-04 -8.612849563360214233e-02 1.512691140174865723e+00
-3.349191683810204268e-04 -8.612240850925445557e-02 1.512131690979003906e+00
-3.704262489918619394e-04 -8.614128082990646362e-02 1.521175622940063477e+00
-4.059424391016364098e-04 -8.616028726100921631e-02 1.529832601547241211e+00
-4.410771070979535580e-04 -8.617925643920898438e-02 1.537519693374633789e+00
-4.754741385113447905e-04 -8.619824796915054321e-02 1.544363379478454590e+00
-5.094773950986564159e-04 -8.621723949909210205e-02 1.550558328628540039e+00
-5.430869059637188911e-04 -8.623623847961425781e-02 1.556106686592102051e+00
-5.762238870374858379e-04 -8.625520020723342896e-02 1.561143040657043457e+00
-6.088857189752161503e-04 -8.627381175756454468e-02 1.565760850906372070e+00
-6.410614587366580963e-04 -8.629209548234939575e-02 1.569920301437377930e+00
-6.729402230121195316e-04 -8.631037175655364990e-02 1.573627948760986328e+00
-7.045581587590277195e-04 -8.632867783308029175e-02 1.576873064041137695e+00
-6.496325950138270855e-04 -8.631911873817443848e-02 1.571432709693908691e+00
-5.941786221228539944e-04 -8.630847185850143433e-02 1.566230654716491699e+00
-5.368899437598884106e-04 -8.629520982503890991e-02 1.562270641326904297e+00
-4.770510422531515360e-04 -8.627923578023910522e-02 1.559531450271606445e+00
-4.125394625589251518e-04 -8.626116067171096802e-02 1.557703852653503418e+00
-3.428919590078294277e-04 -8.624104410409927368e-02 1.556716561317443848e+00
-2.680832112673670053e-04 -8.621887862682342529e-02 1.556560277938842773e+00
-1.881072530522942543e-04 -8.619464933872222900e-02 1.557232499122619629e+00
-1.029655686579644680e-04 -8.616834878921508789e-02 1.558733463287353516e+00
-1.265982609766069800e-05 -8.613999187946319580e-02 1.561063170433044434e+00
8.280822657980024815e-05 -8.610957860946655273e-02 1.564221382141113281e+00
6.895571277709677815e-05 -8.612205088138580322e-02 1.570453763008117676e+00
5.881044125999324024e-05 -8.613494783639907837e-02 1.577288627624511719e+00
5.346744364942423999e-05 -8.614741265773773193e-02 1.584881424903869629e+00
5.390098158386535943e-05 -8.615978807210922241e-02 1.593165040016174316e+00
6.059599400032311678e-05 -8.617249876260757446e-02 1.602213978767395020e+00
7.374390406766906381e-05 -8.618575334548950195e-02 1.612056612968444824e+00
9.334914648206904531e-05 -8.619970083236694336e-02 1.622676134109497070e+00
1.194185388158075511e-04 -8.621456474065780640e-02 1.634045958518981934e+00
1.519543002359569073e-04 -8.623037487268447876e-02 1.646165728569030762e+00
1.909592829179018736e-04 -8.624715358018875122e-02 1.659035325050354004e+00
2.364370739087462425e-04 -8.626494556665420532e-02 1.672654867172241211e+00
2.587471390143036842e-04 -8.624508231878280640e-02 1.662362933158874512e+00
2.824053226504474878e-04 -8.622343093156814575e-02 1.651578664779663086e+00
3.083163755945861340e-04 -8.619913458824157715e-02 1.639968037605285645e+00
3.369353071320801973e-04 -8.617136627435684204e-02 1.627219319343566895e+00
3.679192741401493549e-04 -8.613996207714080811e-02 1.613535404205322266e+00
4.011937999166548252e-04 -8.610493689775466919e-02 1.598959803581237793e+00
4.367569054011255503e-04 -8.606631308794021606e-02 1.583492517471313477e+00
4.746054473798722029e-04 -8.602415025234222412e-02 1.567133665084838867e+00
5.147895426489412785e-04 -8.597853779792785645e-02 1.549784541130065918e+00
5.573137896135449409e-04 -8.592952787876129150e-02 1.531425237655639648e+00
6.021694862283766270e-04 -8.587719500064849854e-02 1.512055873870849609e+00
5.978493718430399895e-04 -8.587192744016647339e-02 1.512123823165893555e+00
5.936179077252745628e-04 -8.586681634187698364e-02 1.512178659439086914e+00
5.874510388821363449e-04 -8.586328476667404175e-02 1.512911796569824219e+00
5.779892089776694775e-04 -8.586248755455017090e-02 1.515092968940734863e+00
5.654385313391685486e-04 -8.586494624614715576e-02 1.519236803054809570e+00
5.500791012309491634e-04 -8.587055653333663940e-02 1.525576233863830566e+00
5.320623167790472507e-04 -8.587936311960220337e-02 1.534194946289062500e+00
5.113317165523767471e-04 -8.589133620262145996e-02 1.545142650604248047e+00
4.878056643065065145e-04 -8.590647578239440918e-02 1.558418512344360352e+00
4.614628851413726807e-04 -8.592490851879119873e-02 1.573995709419250488e+00
4.323072789702564478e-04 -8.594674617052078247e-02 1.591874241828918457e+00
3.988462558481842279e-04 -8.595959097146987915e-02 1.597164392471313477e+00
3.659153589978814125e-04 -8.597229421138763428e-02 1.602567076683044434e+00
3.326510486658662558e-04 -8.598598092794418335e-02 1.608824729919433594e+00
2.994484384544193745e-04 -8.600119501352310181e-02 1.615783572196960449e+00
2.669362002052366734e-04 -8.601811528205871582e-02 1.623173117637634277e+00
2.354818134335801005e-04 -8.603700250387191772e-02 1.630868673324584961e+00
2.051355695584788918e-04 -8.605813235044479370e-02 1.638771414756774902e+00
1.760252926032990217e-04 -8.608147501945495605e-02 1.646867394447326660e+00
1.482313091401010752e-04 -8.610700070858001709e-02 1.655141830444335938e+00
1.218400429934263229e-04 -8.613462001085281372e-02 1.663578748703002930e+00
9.671608859207481146e-05 -8.616439998149871826e-02 1.672157406806945801e+00
1.111260207835584879e-04 -8.615249395370483398e-02 1.664839982986450195e+00
1.261131837964057922e-04 -8.614071458578109741e-02 1.657510280609130859e+00
1.406698138453066349e-04 -8.612805604934692383e-02 1.649694919586181641e+00
1.548253931105136871e-04 -8.611506968736648560e-02 1.641360640525817871e+00
1.686069881543517113e-04 -8.610215783119201660e-02 1.632490158081054688e+00
1.820262550609186292e-04 -8.608940243721008301e-02 1.623070240020751953e+00
1.951148005900904536e-04 -8.607681840658187866e-02 1.613084912300109863e+00
2.078773686662316322e-04 -8.606442064046859741e-02 1.602537393569946289e+00
2.202602336183190346e-04 -8.605227619409561157e-02 1.591424465179443359e+00
2.319815394002944231e-04 -8.604057878255844116e-02 1.579727768898010254e+00
2.430314780212938786e-04 -8.602934330701828003e-02 1.567437767982482910e+00
