x y theta(rad)
7.940061623230576515e-04 2.200909405946731567e-01 1.501329779624938965e+00
1.784220454283058643e-03 2.201051563024520874e-01 1.423968791961669922e+00
3.274885937571525574e-03 2.197719216346740723e-01 1.332051515579223633e+00
5.119531415402889252e-03 2.190658003091812134e-01 1.223350763320922852e+00
7.136082276701927185e-03 2.180247753858566284e-01 1.096432685852050781e+00
9.228664450347423553e-03 2.166961282491683960e-01 9.504157304763793945e-01
1.134963333606719971e-02 2.151359021663665771e-01 7.850332856178283691e-01
1.347201410681009293e-02 2.133859395980834961e-01 6.005956530570983887e-01
1.557609718292951584e-02 2.114824354648590088e-01 3.971814811229705811e-01
1.764383539557456970e-02 2.094576060771942139e-01 1.749226450920104980e-01
1.965777948498725891e-02 2.073424160480499268e-01 -6.611451506614685059e-02
2.148924767971038818e-02 2.058217525482177734e-01 -7.268008589744567871e-02
2.339052036404609680e-02 2.041613906621932983e-01 -8.729612827301025391e-02
2.534097433090209961e-02 2.023642957210540771e-01 -1.138468086719512939e-01
2.731393836438655853e-02 2.004685401916503906e-01 -1.528161764144897461e-01
2.929428033530712128e-02 1.985029131174087524e-01 -2.048092782497406006e-01
3.127322718501091003e-02 1.964886337518692017e-01 -2.700412869453430176e-01
3.324513137340545654e-02 1.944402605295181274e-01 -3.484842479228973389e-01
3.520575165748596191e-02 1.923679113388061523e-01 -4.398389756679534912e-01
3.715156763792037964e-02 1.902795433998107910e-01 -5.435581803321838379e-01
3.907921165227890015e-02 1.881816089153289795e-01 -6.596106290817260742e-01
4.098571836948394775e-02 1.860802173614501953e-01 -7.879521250724792480e-01
4.103549569845199585e-02 1.860803514719009399e-01 -7.954488992691040039e-01
4.108516499400138855e-02 1.860809475183486938e-01 -8.031713962554931641e-01
4.113692417740821838e-02 1.860821843147277832e-01 -8.111752271652221680e-01
4.119161888957023621e-02 1.860838085412979126e-01 -8.196240663528442383e-01
4.124925658106803894e-02 1.860862076282501221e-01 -8.285498619079589844e-01
4.130987077951431274e-02 1.860895603895187378e-01 -8.379008769989013672e-01
4.137345775961875916e-02 1.860935539007186890e-01 -8.477571606636047363e-01
4.144000262022018433e-02 1.860980689525604248e-01 -8.581622242927551270e-01
4.150972887873649597e-02 1.861031651496887207e-01 -8.690976500511169434e-01
4.158274829387664795e-02 1.861087977886199951e-01 -8.804761767387390137e-01
4.165904968976974487e-02 1.861149668693542480e-01 -8.923028111457824707e-01
4.171688109636306763e-02 1.861108690500259399e-01 -8.977703452110290527e-01
4.177845641970634460e-02 1.861089468002319336e-01 -9.036706089973449707e-01
4.184624925255775452e-02 1.861081421375274658e-01 -9.103057980537414551e-01
4.192069917917251587e-02 1.861072480678558350e-01 -9.177664518356323242e-01
4.200152307748794556e-02 1.861060261726379395e-01 -9.255775213241577148e-01
4.208891466259956360e-02 1.861043423414230347e-01 -9.336702227592468262e-01
4.218308255076408386e-02 1.861026585102081299e-01 -9.419029355049133301e-01
4.228439554572105408e-02 1.861012130975723267e-01 -9.502084255218505859e-01
4.239299148321151733e-02 1.861000657081604004e-01 -9.585751891136169434e-01
4.250882938504219055e-02 1.860991865396499634e-01 -9.670187234878540039e-01
4.263188317418098450e-02 1.860985755920410156e-01 -9.755395650863647461e-01
4.454615339636802673e-02 1.849859356880187988e-01 -9.435570836067199707e-01
4.651863127946853638e-02 1.836700886487960815e-01 -9.190602302551269531e-01
4.851172864437103271e-02 1.821581125259399414e-01 -9.068290591239929199e-01
5.050446838140487671e-02 1.804950684309005737e-01 -9.081609249114990234e-01
5.248891562223434448e-02 1.787196695804595947e-01 -9.235699176788330078e-01
5.446199327707290649e-02 1.768624037504196167e-01 -9.530892372131347656e-01
5.642202869057655334e-02 1.749464273452758789e-01 -9.967156648635864258e-01
5.836929380893707275e-02 1.729890555143356323e-01 -1.052731394767761230e+00
6.030552089214324951e-02 1.710043251514434814e-01 -1.118258118629455566e+00
6.223001331090927124e-02 1.690030097961425781e-01 -1.193279981613159180e+00
6.414227932691574097e-02 1.669932901859283447e-01 -1.277765035629272461e+00
6.609209626913070679e-02 1.653945595026016235e-01 -1.282869458198547363e+00
6.806730479001998901e-02 1.636173576116561890e-01 -1.293944358825683594e+00
7.004480063915252686e-02 1.617311388254165649e-01 -1.311873435974121094e+00
7.201738655567169189e-02 1.597861796617507935e-01 -1.336710929870605469e+00
7.398305088281631470e-02 1.578103899955749512e-01 -1.368458628654479980e+00
7.594118267297744751e-02 1.558189541101455688e-01 -1.407107472419738770e+00
7.789156585931777954e-02 1.538202464580535889e-01 -1.452654004096984863e+00
7.983426749706268311e-02 1.518191993236541748e-01 -1.504963636398315430e+00
8.177035301923751831e-02 1.498189717531204224e-01 -1.563118815422058105e+00
8.369999378919601440e-02 1.478217244148254395e-01 -1.627112030982971191e+00
8.562351018190383911e-02 1.458292454481124878e-01 -1.696944117546081543e+00
8.756064623594284058e-02 1.439888626337051392e-01 -1.692138552665710449e+00
8.953478187322616577e-02 1.420591920614242554e-01 -1.694424629211425781e+00
9.151664376258850098e-02 1.400897949934005737e-01 -1.704058408737182617e+00
9.349557757377624512e-02 1.381043940782546997e-01 -1.721163511276245117e+00
9.546829015016555786e-02 1.361135840415954590e-01 -1.745588183403015137e+00
9.743438661098480225e-02 1.341219991445541382e-01 -1.776753067970275879e+00
9.939367324113845825e-02 1.321320682764053345e-01 -1.814656257629394531e+00
1.013462841510772705e-01 1.301452964544296265e-01 -1.859292149543762207e+00
1.032926291227340698e-01 1.281628459692001343e-01 -1.910579442977905273e+00
1.052332594990730286e-01 1.261858195066452026e-01 -1.968443632125854492e+00
1.071688234806060791e-01 1.242153868079185486e-01 -2.032894611358642578e+00
1.090984866023063660e-01 1.222765445709228516e-01 -2.035882711410522461e+00
1.110743358731269836e-01 1.202950924634933472e-01 -2.040491580963134766e+00
1.130630373954772949e-01 1.183021962642669678e-01 -2.046849727630615234e+00
1.150538176298141479e-01 1.163072511553764343e-01 -2.054955244064331055e+00
1.170439124107360840e-01 1.143125742673873901e-01 -2.064812183380126953e+00
1.190326064825057983e-01 1.123187541961669922e-01 -2.076435089111328125e+00
1.210197508335113525e-01 1.103259846568107605e-01 -2.089819908142089844e+00
1.230053454637527466e-01 1.083343550562858582e-01 -2.104963302612304688e+00
1.249894127249717712e-01 1.063439622521400452e-01 -2.121870279312133789e+00
1.269720196723937988e-01 1.043548807501792908e-01 -2.140545845031738281e+00
1.289532035589218140e-01 1.023671999573707581e-01 -2.160983800888061523e+00
1.308514028787612915e-01 1.004251986742019653e-01 -2.158998012542724609e+00
1.328160166740417480e-01 9.844201058149337769e-02 -2.155751943588256836e+00
1.348074823617935181e-01 9.644452482461929321e-02 -2.151136159896850586e+00
1.368090361356735229e-01 9.444228559732437134e-02 -2.145032405853271484e+00
1.388148069381713867e-01 9.243813902139663696e-02 -2.137419223785400391e+00
1.408228874206542969e-01 9.043288975954055786e-02 -2.128293991088867188e+00
1.428327411413192749e-01 8.842676877975463867e-02 -2.117641210556030273e+00
1.448441892862319946e-01 8.641988039016723633e-02 -2.105460166931152344e+00
1.468572020530700684e-01 8.441229164600372314e-02 -2.091757059097290039e+00
1.488717794418334961e-01 8.240406960248947144e-02 -2.076538085937500000e+00
1.508879810571670532e-01 8.039527386426925659e-02 -2.059775829315185547e+00
1.509114205837249756e-01 8.037687838077545166e-02 -2.068041324615478516e+00
1.509346961975097656e-01 8.035833388566970825e-02 -2.077282428741455078e+00
1.509571820497512817e-01 8.033856749534606934e-02 -2.086936473846435547e+00
1.509788185358047485e-01 8.031776547431945801e-02 -2.097111225128173828e+00
1.510004103183746338e-01 8.029586076736450195e-02 -2.107698440551757812e+00
1.510226875543594360e-01 8.027251064777374268e-02 -2.118545532226562500e+00
1.510454863309860229e-01 8.024723082780838013e-02 -2.129739284515380859e+00
1.510687917470932007e-01 8.022008091211318970e-02 -2.141335010528564453e+00
1.510926336050033569e-01 8.019105345010757446e-02 -2.153322935104370117e+00
1.511170119047164917e-01 8.016017824411392212e-02 -2.165704727172851562e+00
1.511419415473937988e-01 8.012745529413223267e-02 -2.178485631942749023e+00
1.511458456516265869e-01 8.011090010404586792e-02 -2.182163000106811523e+00
1.511481106281280518e-01 8.009424060583114624e-02 -2.186387300491333008e+00
1.511521339416503906e-01 8.007621020078659058e-02 -2.190225124359130859e+00
1.511589586734771729e-01 8.005757629871368408e-02 -2.193313121795654297e+00
1.511687487363815308e-01 8.003838360309600830e-02 -2.195649623870849609e+00
1.511814743280410767e-01 8.001837134361267090e-02 -2.197313308715820312e+00
1.511970013380050659e-01 7.999739795923233032e-02 -2.198418855667114258e+00
1.512151211500167847e-01 7.997536659240722656e-02 -2.199076652526855469e+00
1.512356847524642944e-01 7.995221763849258423e-02 -2.199311733245849609e+00
1.512586772441864014e-01 7.992783188819885254e-02 -2.199114561080932617e+00
1.512841284275054932e-01 7.990211248397827148e-02 -2.198477268218994141e+00
1.520557403564453125e-01 7.815905660390853882e-02 -2.182144165039062500e+00
1.529691517353057861e-01 7.631585001945495605e-02 -2.167692184448242188e+00
1.540443897247314453e-01 7.440070807933807373e-02 -2.157542228698730469e+00
1.552772074937820435e-01 7.244193553924560547e-02 -2.150247573852539062e+00
1.566528826951980591e-01 7.046031951904296875e-02 -2.144532680511474609e+00
1.581537127494812012e-01 6.846717745065689087e-02 -2.139204263687133789e+00
1.597607582807540894e-01 6.646817177534103394e-02 -2.133324623107910156e+00
1.614538431167602539e-01 6.446641683578491211e-02 -2.126906871795654297e+00
1.632158905267715454e-01 6.246327608823776245e-02 -2.119936704635620117e+00
1.650326848030090332e-01 6.045938283205032349e-02 -2.112424850463867188e+00
1.668927073478698730e-01 5.845501646399497986e-02 -2.104365348815917969e+00
1.667118519544601440e-01 5.660741031169891357e-02 -2.089539051055908203e+00
1.664922088384628296e-01 5.467050150036811829e-02 -2.081159591674804688e+00
1.662307232618331909e-01 5.269624665379524231e-02 -2.079940795898437500e+00
1.659273654222488403e-01 5.070969089865684509e-02 -2.086001396179199219e+00
1.655823737382888794e-01 4.872092232108116150e-02 -2.099346876144409180e+00
1.651961058378219604e-01 4.673407226800918579e-02 -2.119989395141601562e+00
1.647688001394271851e-01 4.475084692239761353e-02 -2.147591352462768555e+00
1.643006056547164917e-01 4.277177900075912476e-02 -2.181268453598022461e+00
1.637922227382659912e-01 4.079763218760490417e-02 -2.221028804779052734e+00
1.632445156574249268e-01 3.882908448576927185e-02 -2.266846179962158203e+00
1.626584529876708984e-01 3.686681389808654785e-02 -2.318738460540771484e+00
1.623887568712234497e-01 3.507224097847938538e-02 -2.319897174835205078e+00
1.620552539825439453e-01 3.318167850375175476e-02 -2.323941707611083984e+00
1.616382896900177002e-01 3.123214095830917358e-02 -2.331775665283203125e+00
1.611331850290298462e-01 2.925890684127807617e-02 -2.343648910522460938e+00
1.605414152145385742e-01 2.727825753390789032e-02 -2.359608650207519531e+00
1.598646938800811768e-01 2.529659494757652283e-02 -2.379485607147216797e+00
1.591049283742904663e-01 2.331646531820297241e-02 -2.402981519699096680e+00
1.582650244235992432e-01 2.133914083242416382e-02 -2.430105447769165039e+00
1.573481410741806030e-01 1.936521008610725403e-02 -2.460844278335571289e+00
1.563576161861419678e-01 1.739502884447574615e-02 -2.495201349258422852e+00
1.552969217300415039e-01 1.542886067181825638e-02 -2.533176422119140625e+00
1.552952527999877930e-01 1.538806781172752380e-02 -2.542727947235107422e+00
1.552894562482833862e-01 1.534610241651535034e-02 -2.555320978164672852e+00
1.552785784006118774e-01 1.530041638761758804e-02 -2.571822643280029297e+00
1.552647352218627930e-01 1.524909492582082748e-02 -2.591672420501708984e+00
1.552482545375823975e-01 1.519246678799390793e-02 -2.614925384521484375e+00
1.552289873361587524e-01 1.513073686510324478e-02 -2.641589879989624023e+00
1.552071273326873779e-01 1.506432238966226578e-02 -2.671715259552001953e+00
1.551829874515533447e-01 1.499337237328290939e-02 -2.705306768417358398e+00
1.551566720008850098e-01 1.491831894963979721e-02 -2.742459058761596680e+00
1.551287621259689331e-01 1.483942661434412003e-02 -2.783164024353027344e+00
1.550997346639633179e-01 1.475680246949195862e-02 -2.827420234680175781e+00
1.551004797220230103e-01 1.471675746142864227e-02 -2.834162950515747070e+00
1.551028788089752197e-01 1.467452105134725571e-02 -2.842142581939697266e+00
1.551102101802825928e-01 1.462545152753591537e-02 -2.850807666778564453e+00
1.551224589347839355e-01 1.456854213029146194e-02 -2.860106229782104492e+00
1.551394760608673096e-01 1.450381334871053696e-02 -2.870000362396240234e+00
1.551617383956909180e-01 1.443054247647523880e-02 -2.880276441574096680e+00
1.551890224218368530e-01 1.434837747365236282e-02 -2.891017913818359375e+00
1.552211493253707886e-01 1.425718516111373901e-02 -2.902246713638305664e+00
1.552581936120986938e-01 1.415700931102037430e-02 -2.913947105407714844e+00
1.553000956773757935e-01 1.404797658324241638e-02 -2.926225662231445312e+00
1.553469449281692505e-01 1.393007673323154449e-02 -2.939062356948852539e+00
1.547016054391860962e-01 1.206951495260000229e-02 -2.926124572753906250e+00
1.538694947957992554e-01 1.011348888278007507e-02 -2.916260242462158203e+00
1.528585851192474365e-01 8.124435320496559143e-03 -2.909549236297607422e+00
1.516858190298080444e-01 6.126631051301956177e-03 -2.906085491180419922e+00
1.503709107637405396e-01 4.128344357013702393e-03 -2.905903816223144531e+00
1.489335298538208008e-01 2.132280496880412102e-03 -2.909007310867309570e+00
1.473922133445739746e-01 1.393248094245791435e-04 -2.915399074554443359e+00
1.457638740539550781e-01 -1.850224914960563183e-03 -2.925076484680175781e+00
1.440633982419967651e-01 -3.836256219074130058e-03 -2.938041448593139648e+00
1.423036605119705200e-01 -5.818712990731000900e-03 -2.954294443130493164e+00
1.404956728219985962e-01 -7.797556929290294647e-03 -2.973832130432128906e+00
1.398859173059463501e-01 -9.632711298763751984e-03 -2.981565237045288086e+00
1.391020417213439941e-01 -1.155631430447101593e-02 -2.992808341979980469e+00
1.381180882453918457e-01 -1.351858023554086685e-02 -3.008361816406250000e+00
1.369533985853195190e-01 -1.549024786800146103e-02 -3.028335332870483398e+00
1.356311440467834473e-01 -1.746148616075515747e-02 -3.052783727645874023e+00
1.341736763715744019e-01 -1.942913047969341278e-02 -3.081739664077758789e+00
1.326049119234085083e-01 -2.139218524098396301e-02 -3.115200042724609375e+00
1.309461295604705811e-01 -2.335037477314472198e-02 3.130018472671508789e+00
1.292156875133514404e-01 -2.530367113649845123e-02 3.087548732757568359e+00
1.274291425943374634e-01 -2.725216001272201538e-02 3.040579080581665039e+00
1.255994141101837158e-01 -2.919600158929824829e-02 2.989108324050903320e+00
1.242803186178207397e-01 -3.109083883464336395e-02 2.970230817794799805e+00
1.227734684944152832e-01 -3.303287923336029053e-02 2.950222253799438477e+00
1.210812926292419434e-01 -3.499871492385864258e-02 2.928788661956787109e+00
1.192667335271835327e-01 -3.697089478373527527e-02 2.905811786651611328e+00
1.173760145902633667e-01 -3.894259035587310791e-02 2.880054950714111328e+00
1.154426708817481995e-01 -4.091105982661247253e-02 2.850470542907714844e+00
1.134862750768661499e-01 -4.287597909569740295e-02 2.817059278488159180e+00
1.115182191133499146e-01 -4.483737796545028687e-02 2.779807567596435547e+00
1.095452308654785156e-01 -4.679544270038604736e-02 2.738718748092651367e+00
1.075712814927101135e-01 -4.875043407082557678e-02 2.693797111511230469e+00
1.055988296866416931e-01 -5.070267245173454285e-02 2.645038604736328125e+00
1.055608540773391724e-01 -5.076097324490547180e-02 2.649461746215820312e+00
1.055231094360351562e-01 -5.082057416439056396e-02 2.653784036636352539e+00
1.054838150739669800e-01 -5.088559538125991821e-02 2.658074378967285156e+00
1.054422631859779358e-01 -5.095794424414634705e-02 2.662311315536499023e+00
1.053974330425262451e-01 -5.103760585188865662e-02 2.666722059249877930e+00
1.053481847047805786e-01 -5.112534761428833008e-02 2.671314239501953125e+00
1.052944287657737732e-01 -5.122114717960357666e-02 2.675982236862182617e+00
1.052362099289894104e-01 -5.132481083273887634e-02 2.680651664733886719e+00
1.051735356450080872e-01 -5.143640935420989990e-02 2.685343742370605469e+00
1.051064133644104004e-01 -5.155595391988754272e-02 2.690060138702392578e+00
1.050348356366157532e-01 -5.168343335390090942e-02 2.694793701171875000e+00
1.050177142024040222e-01 -5.173269659280776978e-02 2.697127819061279297e+00
1.050010472536087036e-01 -5.178568139672279358e-02 2.700718164443969727e+00
1.049845740199089050e-01 -5.184413865208625793e-02 2.705134391784667969e+00
1.049684509634971619e-01 -5.190973728895187378e-02 2.709927082061767578e+00
1.049522459506988525e-01 -5.198204144835472107e-02 2.714788675308227539e+00
1.049355417490005493e-01 -5.206119641661643982e-02 2.719639062881469727e+00
1.049182862043380737e-01 -5.214728042483329773e-02 2.724385738372802734e+00
1.049005016684532166e-01 -5.224023014307022095e-02 2.729013442993164062e+00
1.048821881413459778e-01 -5.233999341726303101e-02 2.733511924743652344e+00
1.048633605241775513e-01 -5.244656279683113098e-02 2.737874984741210938e+00
1.048440113663673401e-01 -5.255993455648422241e-02 2.742104291915893555e+00
1.030656546354293823e-01 -5.449217557907104492e-02 2.726438760757446289e+00
1.011799871921539307e-01 -5.645736306905746460e-02 2.709081649780273438e+00
9.923915565013885498e-02 -5.843274667859077454e-02 2.689830064773559570e+00
9.727298468351364136e-02 -6.040983647108078003e-02 2.668291091918945312e+00
9.529592841863632202e-02 -6.238610297441482544e-02 2.644444704055786133e+00
9.331457316875457764e-02 -6.436068564653396606e-02 2.618108987808227539e+00
9.133271872997283936e-02 -6.633336097002029419e-02 2.589221715927124023e+00
8.935210853815078735e-02 -6.830420345067977905e-02 2.557784080505371094e+00
8.737356215715408325e-02 -7.027336210012435913e-02 2.523795604705810547e+00
8.539757132530212402e-02 -7.224103063344955444e-02 2.487258195877075195e+00
8.342445641756057739e-02 -7.420743256807327271e-02 2.448168277740478516e+00
8.338464796543121338e-02 -7.424613088369369507e-02 2.452878236770629883e+00
8.334446698427200317e-02 -7.428678870201110840e-02 2.457318067550659180e+00
8.330363035202026367e-02 -7.432997226715087891e-02 2.461808204650878906e+00
8.326125144958496094e-02 -7.437637448310852051e-02 2.466180086135864258e+00
8.321661502122879028e-02 -7.442617416381835938e-02 2.470353603363037109e+00
8.316917717456817627e-02 -7.447993010282516479e-02 2.474360704421997070e+00
8.311857283115386963e-02 -7.453808188438415527e-02 2.478232383728027344e+00
8.306478708982467651e-02 -7.460061460733413696e-02 2.481965780258178711e+00
8.300782740116119385e-02 -7.466752827167510986e-02 2.485558032989501953e+00
8.294773101806640625e-02 -7.473891973495483398e-02 2.489018678665161133e+00
8.288451284170150757e-02 -7.481503486633300781e-02 2.492370843887329102e+00
8.111693710088729858e-02 -7.656490802764892578e-02 2.481081724166870117e+00
7.923549413681030273e-02 -7.843346148729324341e-02 2.469331741333007812e+00
7.729401439428329468e-02 -8.036659657955169678e-02 2.457180976867675781e+00
7.532501220703125000e-02 -8.233028650283813477e-02 2.444688796997070312e+00
7.334393262863159180e-02 -8.430790901184082031e-02 2.431827068328857422e+00
7.135776430368423462e-02 -8.629172295331954956e-02 2.418590784072875977e+00
6.936962902545928955e-02 -8.827821910381317139e-02 2.404943704605102539e+00
6.738102436065673828e-02 -9.026567637920379639e-02 2.390666007995605469e+00
6.539262831211090088e-02 -9.225334972143173218e-02 2.375746250152587891e+00
6.340470910072326660e-02 -9.424093365669250488e-02 2.360191345214843750e+00
6.141741201281547546e-02 -9.622831642627716064e-02 2.343996763229370117e+00
5.998820811510086060e-02 -9.622444212436676025e-02 2.333832025527954102e+00
5.833826959133148193e-02 -9.621391445398330688e-02 2.320262670516967773e+00
5.652002245187759399e-02 -9.619483351707458496e-02 2.302062034606933594e+00
5.461727827787399292e-02 -9.616728872060775757e-02 2.279048919677734375e+00
5.267680436372756958e-02 -9.613146632909774780e-02 2.251178026199340820e+00
5.072159320116043091e-02 -9.608770906925201416e-02 2.218445301055908203e+00
4.876254126429557800e-02 -9.603638947010040283e-02 2.180821895599365234e+00
4.680482298135757446e-02 -9.597803652286529541e-02 2.138313293457031250e+00
4.485097527503967285e-02 -9.591327607631683350e-02 2.090922594070434570e+00
4.290229454636573792e-02 -9.584281593561172485e-02 2.038649797439575195e+00
4.095950722694396973e-02 -9.576748311519622803e-02 1.981496334075927734e+00
3.980218991637229919e-02 -9.567143023014068604e-02 1.980548501014709473e+00
3.838725015521049500e-02 -9.554349631071090698e-02 1.978150367736816406e+00
3.673388436436653137e-02 -9.537366032600402832e-02 1.973811268806457520e+00
3.493093326687812805e-02 -9.516023844480514526e-02 1.967505574226379395e+00
3.304304555058479309e-02 -9.490319341421127319e-02 1.959209084510803223e+00
3.110916353762149811e-02 -9.460254013538360596e-02 1.948912501335144043e+00
2.915128692984580994e-02 -9.425836056470870972e-02 1.936616539955139160e+00
2.718163467943668365e-02 -9.387105703353881836e-02 1.922323584556579590e+00
2.520675584673881531e-02 -9.344094246625900269e-02 1.906027197837829590e+00
2.323017083108425140e-02 -9.296850115060806274e-02 1.887725710868835449e+00
2.125374972820281982e-02 -9.245426207780838013e-02 1.867420673370361328e+00
2.121629379689693451e-02 -9.244821965694427490e-02 1.872010827064514160e+00
2.117844298481941223e-02 -9.244160354137420654e-02 1.876732587814331055e+00
2.113827317953109741e-02 -9.243393689393997192e-02 1.881947517395019531e+00
2.109532058238983154e-02 -9.242521226406097412e-02 1.887495160102844238e+00
2.104937285184860229e-02 -9.241543710231781006e-02 1.893461704254150391e+00
2.100057713687419891e-02 -9.240431338548660278e-02 1.899780154228210449e+00
2.094884216785430908e-02 -9.239179641008377075e-02 1.906517267227172852e+00
2.089387737214565277e-02 -9.237850457429885864e-02 1.913676023483276367e+00
2.083554491400718689e-02 -9.236470609903335571e-02 1.921378612518310547e+00
2.077390626072883606e-02 -9.235035628080368042e-02 1.929589152336120605e+00
2.070898562669754028e-02 -9.233546257019042969e-02 1.938297986984252930e+00
1.999985240399837494e-02 -9.225178509950637817e-02 1.924950003623962402e+00
1.906129345297813416e-02 -9.211643040180206299e-02 1.909448742866516113e+00
1.780682615935802460e-02 -9.189600497484207153e-02 1.890268921852111816e+00
1.630626432597637177e-02 -9.158572554588317871e-02 1.867145299911499023e+00
1.463392190635204315e-02 -9.118402749300003052e-02 1.839927434921264648e+00
1.285143848508596420e-02 -9.069238603115081787e-02 1.808587431907653809e+00
1.100158598273992538e-02 -9.011314809322357178e-02 1.773121476173400879e+00
9.112122468650341034e-03 -8.944913744926452637e-02 1.733531832695007324e+00
7.200453896075487137e-03 -8.870349079370498657e-02 1.689818978309631348e+00
5.277257878333330154e-03 -8.787964284420013428e-02 1.641984462738037109e+00
3.348971251398324966e-03 -8.698127418756484985e-02 1.590030193328857422e+00
3.241716418415307999e-03 -8.699623495340347290e-02 1.578925609588623047e+00
3.129078773781657219e-03 -8.700774610042572021e-02 1.568392276763916016e+00
2.989337779581546783e-03 -8.701282739639282227e-02 1.559861660003662109e+00
2.816597232595086098e-03 -8.701014518737792969e-02 1.553874373435974121e+00
2.609843155369162560e-03 -8.699995279312133789e-02 1.550688385963439941e+00
2.366944681853055954e-03 -8.698164671659469604e-02 1.549783945083618164e+00
2.085824729874730110e-03 -8.695454895496368408e-02 1.550995111465454102e+00
1.766017405316233635e-03 -8.691763132810592651e-02 1.554345250129699707e+00
1.407536910846829414e-03 -8.687087893486022949e-02 1.559844851493835449e+00
1.010136445984244347e-03 -8.681423962116241455e-02 1.567433476448059082e+00
5.738395848311483860e-04 -8.674775809049606323e-02 1.577010750770568848e+00
5.737442988902330399e-04 -8.674363046884536743e-02 1.577962756156921387e+00
5.737289320677518845e-04 -8.674010634422302246e-02 1.579085588455200195e+00
5.723544745706021786e-04 -8.673550188541412354e-02 1.580652713775634766e+00
5.687155062332749367e-04 -8.672954142093658447e-02 1.582488656044006348e+00
5.626609199680387974e-04 -8.672193437814712524e-02 1.584328055381774902e+00
5.536499666050076485e-04 -8.671233803033828735e-02 1.586067199707031250e+00
5.414362531155347824e-04 -8.670067787170410156e-02 1.587589740753173828e+00
5.260198959149420261e-04 -8.668693900108337402e-02 1.588895678520202637e+00
5.076153902336955070e-04 -8.667083829641342163e-02 1.589954257011413574e+00
4.862515488639473915e-04 -8.665233105421066284e-02 1.590761423110961914e+00
4.619367246050387621e-04 -8.663143217563629150e-02 1.591323137283325195e+00
4.359330923762172461e-04 -8.661425113677978516e-02 1.593776822090148926e+00
4.101938393432646990e-04 -8.659850805997848511e-02 1.596327185630798340e+00
3.841775760520249605e-04 -8.658277988433837891e-02 1.598496913909912109e+00
3.580761549528688192e-04 -8.656615763902664185e-02 1.599843740463256836e+00
3.320997057016938925e-04 -8.654841780662536621e-02 1.600379705429077148e+00
3.062305040657520294e-04 -8.652960509061813354e-02 1.600132942199707031e+00
2.806332195177674294e-04 -8.650894463062286377e-02 1.599247455596923828e+00
2.553654194343835115e-04 -8.648633211851119995e-02 1.597693443298339844e+00
2.304368681507185102e-04 -8.646169304847717285e-02 1.595443725585937500e+00
2.057446690741926432e-04 -8.643509447574615479e-02 1.592526912689208984e+00
1.811368274502456188e-04 -8.640649169683456421e-02 1.588978052139282227e+00
1.998146180994808674e-04 -8.641597628593444824e-02 1.582383751869201660e+00
2.180004812544211745e-04 -8.642736822366714478e-02 1.575829029083251953e+00
2.339511702302843332e-04 -8.643776178359985352e-02 1.569223999977111816e+00
2.474845678079873323e-04 -8.644742518663406372e-02 1.562357187271118164e+00
2.596262493170797825e-04 -8.645600825548171997e-02 1.555158019065856934e+00
2.708131505642086267e-04 -8.646338433027267456e-02 1.547460556030273438e+00
2.811283047776669264e-04 -8.646956831216812134e-02 1.539251089096069336e+00
2.906387671828269958e-04 -8.647456765174865723e-02 1.530468702316284180e+00
2.994630485773086548e-04 -8.647828549146652222e-02 1.521073102951049805e+00
3.078154113609343767e-04 -8.648056536912918091e-02 1.510992884635925293e+00
3.156774037051945925e-04 -8.648140728473663330e-02 1.500270128250122070e+00
2.731535059865564108e-04 -8.645462989807128906e-02 1.513618230819702148e+00
2.305430971318855882e-04 -8.642811328172683716e-02 1.526537537574768066e+00
1.877127797342836857e-04 -8.640169352293014526e-02 1.538662552833557129e+00
1.453196746297180653e-04 -8.637566119432449341e-02 1.550002813339233398e+00
1.031787251122295856e-04 -8.635027706623077393e-02 1.560700178146362305e+00
6.129020039224997163e-05 -8.632551133632659912e-02 1.570754647254943848e+00
1.935867476277053356e-05 -8.630135655403137207e-02 1.580150246620178223e+00
-2.287323150085285306e-05 -8.627769351005554199e-02 1.588965892791748047e+00
-6.540497997775673866e-05 -8.625452220439910889e-02 1.597201704978942871e+00
-1.082362723536789417e-04 -8.623182028532028198e-02 1.604857563972473145e+00
-1.513119495939463377e-04 -8.620959520339965820e-02 1.611927270889282227e+00
